    3.00000	 1756.00000
    3.02043	 1774.00000
    3.04086	 1782.00000
    3.06129	 1781.00000
    3.08172	 1688.00000
    3.10215	 1750.00000
    3.12258	 1682.00000
    3.14301	 1672.00000
    3.16344	 1657.00000
    3.18387	 1679.00000
    3.20430	 1655.00000
    3.22473	 1668.00000
    3.24516	 1636.00000
    3.26559	 1624.00000
    3.28602	 1624.00000
    3.30645	 1512.00000
    3.32688	 1592.00000
    3.34731	 1496.00000
    3.36775	 1478.00000
    3.38818	 1520.00000
    3.40861	 1555.00000
    3.42904	 1570.00000
    3.44947	 1507.00000
    3.46990	 1476.00000
    3.49033	 1434.00000
    3.51076	 1426.00000
    3.53119	 1459.00000
    3.55162	 1418.00000
    3.57205	 1453.00000
    3.59248	 1349.00000
    3.61291	 1382.00000
    3.63334	 1369.00000
    3.65377	 1355.00000
    3.67420	 1415.00000
    3.69463	 1411.00000
    3.71506	 1346.00000
    3.73549	 1379.00000
    3.75592	 1303.00000
    3.77635	 1351.00000
    3.79678	 1320.00000
    3.81721	 1385.00000
    3.83764	 1362.00000
    3.85807	 1319.00000
    3.87850	 1259.00000
    3.89893	 1335.00000
    3.91936	 1296.00000
    3.93979	 1229.00000
    3.96022	 1331.00000
    3.98065	 1287.00000
    4.00108	 1262.00000
    4.02151	 1338.00000
    4.04194	 1301.00000
    4.06238	 1230.00000
    4.08281	 1248.00000
    4.10324	 1215.00000
    4.12367	 1215.00000
    4.14410	 1290.00000
    4.16453	 1159.00000
    4.18496	 1172.00000
    4.20539	 1240.00000
    4.22582	 1195.00000
    4.24625	 1185.00000
    4.26668	 1153.00000
    4.28711	 1229.00000
    4.30754	 1138.00000
    4.32797	 1195.00000
    4.34840	 1093.00000
    4.36883	 1224.00000
    4.38926	 1132.00000
    4.40969	 1118.00000
    4.43012	 1136.00000
    4.45055	 1073.00000
    4.47098	 1093.00000
    4.49141	 1139.00000
    4.51184	 1110.00000
    4.53227	 1124.00000
    4.55270	 1048.00000
    4.57313	 1067.00000
    4.59356	 1057.00000
    4.61399	 1074.00000
    4.63442	 1133.00000
    4.65485	 1086.00000
    4.67528	 1035.00000
    4.69571	 1081.00000
    4.71614	 1031.00000
    4.73657	 1079.00000
    4.75701	  975.00000
    4.77744	 1050.00000
    4.79787	 1020.00000
    4.81830	 1011.00000
    4.83873	  987.00000
    4.85916	 1025.00000
    4.87959	  983.00000
    4.90002	  968.00000
    4.92045	  941.00000
    4.94088	 1012.00000
    4.96131	  993.00000
    4.98174	  929.00000
    5.00217	  955.00000
    5.02260	  940.00000
    5.04303	  901.00000
    5.06346	  908.00000
    5.08389	  935.00000
    5.10432	  903.00000
    5.12475	  935.00000
    5.14518	  843.00000
    5.16561	  837.00000
    5.18604	  955.00000
    5.20647	  834.00000
    5.22690	  888.00000
    5.24733	  842.00000
    5.26776	  833.00000
    5.28819	  887.00000
    5.30862	  919.00000
    5.32905	  867.00000
    5.34948	  813.00000
    5.36991	  871.00000
    5.39034	  846.00000
    5.41077	  824.00000
    5.43120	  823.00000
    5.45164	  821.00000
    5.47207	  772.00000
    5.49250	  830.00000
    5.51293	  796.00000
    5.53336	  789.00000
    5.55379	  764.00000
    5.57422	  808.00000
    5.59465	  764.00000
    5.61508	  790.00000
    5.63551	  755.00000
    5.65594	  747.00000
    5.67637	  714.00000
    5.69680	  739.00000
    5.71723	  774.00000
    5.73766	  761.00000
    5.75809	  712.00000
    5.77852	  724.00000
    5.79895	  714.00000
    5.81938	  721.00000
    5.83981	  656.00000
    5.86024	  651.00000
    5.88067	  700.00000
    5.90110	  665.00000
    5.92153	  699.00000
    5.94196	  692.00000
    5.96239	  674.00000
    5.98282	  663.00000
    6.00325	  670.00000
    6.02368	  677.00000
    6.04411	  682.00000
    6.06454	  644.00000
    6.08497	  610.00000
    6.10540	  607.00000
    6.12583	  644.00000
    6.14627	  605.00000
    6.16670	  610.00000
    6.18713	  628.00000
    6.20756	  628.00000
    6.22799	  608.00000
    6.24842	  617.00000
    6.26885	  614.00000
    6.28928	  616.00000
    6.30971	  602.00000
    6.33014	  573.00000
    6.35057	  560.00000
    6.37100	  629.00000
    6.39143	  567.00000
    6.41186	  579.00000
    6.43229	  634.00000
    6.45272	  601.00000
    6.47315	  522.00000
    6.49358	  546.00000
    6.51401	  595.00000
    6.53444	  552.00000
    6.55487	  567.00000
    6.57530	  525.00000
    6.59573	  542.00000
    6.61616	  515.00000
    6.63659	  566.00000
    6.65702	  543.00000
    6.67745	  528.00000
    6.69788	  513.00000
    6.71831	  514.00000
    6.73874	  513.00000
    6.75917	  534.00000
    6.77960	  556.00000
    6.80003	  541.00000
    6.82046	  485.00000
    6.84090	  469.00000
    6.86133	  527.00000
    6.88176	  485.00000
    6.90219	  491.00000
    6.92262	  494.00000
    6.94305	  490.00000
    6.96348	  495.00000
    6.98391	  480.00000
    7.00434	  539.00000
    7.02477	  495.00000
    7.04520	  468.00000
    7.06563	  451.00000
    7.08606	  480.00000
    7.10649	  475.00000
    7.12692	  488.00000
    7.14735	  507.00000
    7.16778	  497.00000
    7.18821	  466.00000
    7.20864	  495.00000
    7.22907	  451.00000
    7.24950	  467.00000
    7.26993	  486.00000
    7.29036	  484.00000
    7.31079	  463.00000
    7.33122	  477.00000
    7.35165	  477.00000
    7.37208	  495.00000
    7.39251	  449.00000
    7.41294	  470.00000
    7.43337	  451.00000
    7.45380	  459.00000
    7.47423	  428.00000
    7.49466	  469.00000
    7.51509	  437.00000
    7.53552	  457.00000
    7.55596	  407.00000
    7.57639	  460.00000
    7.59682	  473.00000
    7.61725	  435.00000
    7.63768	  432.00000
    7.65811	  453.00000
    7.67854	  457.00000
    7.69897	  447.00000
    7.71940	  495.00000
    7.73983	  426.00000
    7.76026	  438.00000
    7.78069	  424.00000
    7.80112	  435.00000
    7.82155	  440.00000
    7.84198	  416.00000
    7.86241	  465.00000
    7.88284	  426.00000
    7.90327	  448.00000
    7.92370	  413.00000
    7.94413	  445.00000
    7.96456	  436.00000
    7.98499	  412.00000
    8.00542	  386.00000
    8.02585	  442.00000
    8.04628	  441.00000
    8.06671	  441.00000
    8.08714	  454.00000
    8.10757	  417.00000
    8.12800	  434.00000
    8.14843	  405.00000
    8.16886	  463.00000
    8.18929	  411.00000
    8.20972	  408.00000
    8.23015	  410.00000
    8.25059	  449.00000
    8.27102	  393.00000
    8.29145	  426.00000
    8.31188	  428.00000
    8.33231	  450.00000
    8.35274	  443.00000
    8.37317	  433.00000
    8.39360	  431.00000
    8.41403	  435.00000
    8.43446	  428.00000
    8.45489	  395.00000
    8.47532	  405.00000
    8.49575	  442.00000
    8.51618	  408.00000
    8.53661	  438.00000
    8.55704	  428.00000
    8.57747	  409.00000
    8.59790	  390.00000
    8.61833	  391.00000
    8.63876	  403.00000
    8.65919	  436.00000
    8.67962	  409.00000
    8.70005	  422.00000
    8.72048	  400.00000
    8.74091	  420.00000
    8.76134	  440.00000
    8.78177	  377.00000
    8.80220	  380.00000
    8.82263	  422.00000
    8.84306	  394.00000
    8.86349	  423.00000
    8.88392	  384.00000
    8.90435	  428.00000
    8.92478	  406.00000
    8.94522	  418.00000
    8.96565	  392.00000
    8.98608	  372.00000
    9.00651	  412.00000
    9.02694	  428.00000
    9.04737	  423.00000
    9.06780	  445.00000
    9.08823	  397.00000
    9.10866	  423.00000
    9.12909	  393.00000
    9.14952	  416.00000
    9.16995	  420.00000
    9.19038	  401.00000
    9.21081	  397.00000
    9.23124	  375.00000
    9.25167	  409.00000
    9.27210	  407.00000
    9.29253	  421.00000
    9.31296	  444.00000
    9.33339	  437.00000
    9.35382	  372.00000
    9.37425	  406.00000
    9.39468	  420.00000
    9.41511	  399.00000
    9.43554	  407.00000
    9.45597	  394.00000
    9.47640	  366.00000
    9.49683	  370.00000
    9.51726	  384.00000
    9.53769	  394.00000
    9.55812	  440.00000
    9.57855	  400.00000
    9.59898	  379.00000
    9.61941	  385.00000
    9.63985	  364.00000
    9.66028	  371.00000
    9.68071	  372.00000
    9.70114	  357.00000
    9.72157	  422.00000
    9.74200	  384.00000
    9.76243	  388.00000
    9.78286	  390.00000
    9.80329	  379.00000
    9.82372	  364.00000
    9.84415	  377.00000
    9.86458	  357.00000
    9.88501	  368.00000
    9.90544	  378.00000
    9.92587	  369.00000
    9.94630	  365.00000
    9.96673	  384.00000
    9.98716	  352.00000
   10.00759	  377.00000
   10.02802	  410.00000
   10.04845	  389.00000
   10.06888	  384.00000
   10.08931	  379.00000
   10.10974	  365.00000
   10.13017	  390.00000
   10.15060	  357.00000
   10.17103	  366.00000
   10.19146	  404.00000
   10.21189	  357.00000
   10.23232	  366.00000
   10.25275	  381.00000
   10.27318	  375.00000
   10.29361	  352.00000
   10.31404	  373.00000
   10.33448	  389.00000
   10.35491	  388.00000
   10.37534	  349.00000
   10.39577	  385.00000
   10.41620	  362.00000
   10.43663	  379.00000
   10.45706	  359.00000
   10.47749	  395.00000
   10.49792	  411.00000
   10.51835	  369.00000
   10.53878	  393.00000
   10.55921	  374.00000
   10.57964	  403.00000
   10.60007	  382.00000
   10.62050	  407.00000
   10.64093	  375.00000
   10.66136	  407.00000
   10.68179	  405.00000
   10.70222	  404.00000
   10.72265	  383.00000
   10.74308	  383.00000
   10.76351	  370.00000
   10.78394	  378.00000
   10.80437	  341.00000
   10.82480	  404.00000
   10.84523	  399.00000
   10.86566	  427.00000
   10.88609	  373.00000
   10.90652	  367.00000
   10.92695	  380.00000
   10.94738	  380.00000
   10.96781	  406.00000
   10.98824	  378.00000
   11.00867	  353.00000
   11.02910	  384.00000
   11.04954	  356.00000
   11.06997	  397.00000
   11.09040	  401.00000
   11.11083	  388.00000
   11.13126	  398.00000
   11.15169	  388.00000
   11.17212	  396.00000
   11.19255	  417.00000
   11.21298	  392.00000
   11.23341	  369.00000
   11.25384	  396.00000
   11.27427	  384.00000
   11.29470	  388.00000
   11.31513	  407.00000
   11.33556	  391.00000
   11.35599	  429.00000
   11.37642	  427.00000
   11.39685	  435.00000
   11.41728	  435.00000
   11.43771	  451.00000
   11.45814	  482.00000
   11.47857	  494.00000
   11.49900	  518.00000
   11.51943	  572.00000
   11.53986	  620.00000
   11.56029	  740.00000
   11.58072	  829.00000
   11.60115	  915.00000
   11.62158	 1155.00000
   11.64201	 1489.00000
   11.66244	 2071.00000
   11.68287	 2749.00000
   11.70330	 4105.00000
   11.72373	 5865.00000
   11.74417	 8298.00000
   11.76460	10707.00000
   11.78503	11423.00000
   11.80546	 9940.00000
   11.82589	 7037.00000
   11.84632	 4277.00000
   11.86675	 2413.00000
   11.88718	 1339.00000
   11.90761	  934.00000
   11.92804	  775.00000
   11.94847	  644.00000
   11.96890	  579.00000
   11.98933	  503.00000
   12.00976	  560.00000
   12.03019	  501.00000
   12.05062	  474.00000
   12.07105	  481.00000
   12.09148	  472.00000
   12.11191	  431.00000
   12.13234	  373.00000
   12.15277	  423.00000
   12.17320	  391.00000
   12.19363	  422.00000
   12.21406	  432.00000
   12.23449	  453.00000
   12.25492	  398.00000
   12.27535	  388.00000
   12.29578	  375.00000
   12.31621	  365.00000
   12.33664	  426.00000
   12.35707	  418.00000
   12.37750	  385.00000
   12.39793	  382.00000
   12.41836	  423.00000
   12.43880	  375.00000
   12.45923	  414.00000
   12.47966	  414.00000
   12.50009	  392.00000
   12.52052	  405.00000
   12.54095	  428.00000
   12.56138	  381.00000
   12.58181	  407.00000
   12.60224	  419.00000
   12.62267	  400.00000
   12.64310	  382.00000
   12.66353	  387.00000
   12.68396	  390.00000
   12.70439	  371.00000
   12.72482	  403.00000
   12.74525	  391.00000
   12.76568	  409.00000
   12.78611	  421.00000
   12.80654	  467.00000
   12.82697	  413.00000
   12.84740	  431.00000
   12.86783	  402.00000
   12.88826	  405.00000
   12.90869	  405.00000
   12.92912	  375.00000
   12.94955	  368.00000
   12.96998	  367.00000
   12.99041	  386.00000
   13.01084	  363.00000
   13.03127	  356.00000
   13.05170	  372.00000
   13.07213	  370.00000
   13.09256	  341.00000
   13.11299	  372.00000
   13.13343	  374.00000
   13.15386	  342.00000
   13.17429	  339.00000
   13.19472	  340.00000
   13.21515	  370.00000
   13.23558	  341.00000
   13.25601	  335.00000
   13.27644	  372.00000
   13.29687	  369.00000
   13.31730	  337.00000
   13.33773	  313.00000
   13.35816	  373.00000
   13.37859	  391.00000
   13.39902	  373.00000
   13.41945	  359.00000
   13.43988	  340.00000
   13.46031	  359.00000
   13.48074	  382.00000
   13.50117	  344.00000
   13.52160	  330.00000
   13.54203	  324.00000
   13.56246	  317.00000
   13.58289	  338.00000
   13.60332	  351.00000
   13.62375	  337.00000
   13.64418	  352.00000
   13.66461	  315.00000
   13.68504	  325.00000
   13.70547	  337.00000
   13.72590	  326.00000
   13.74633	  348.00000
   13.76676	  325.00000
   13.78719	  340.00000
   13.80762	  320.00000
   13.82806	  317.00000
   13.84849	  315.00000
   13.86892	  329.00000
   13.88935	  348.00000
   13.90978	  308.00000
   13.93021	  347.00000
   13.95064	  332.00000
   13.97107	  296.00000
   13.99150	  274.00000
   14.01193	  306.00000
   14.03236	  330.00000
   14.05279	  327.00000
   14.07322	  347.00000
   14.09365	  335.00000
   14.11408	  333.00000
   14.13451	  320.00000
   14.15494	  316.00000
   14.17537	  348.00000
   14.19580	  292.00000
   14.21623	  326.00000
   14.23666	  307.00000
   14.25709	  313.00000
   14.27752	  315.00000
   14.29795	  326.00000
   14.31838	  294.00000
   14.33881	  290.00000
   14.35924	  320.00000
   14.37967	  291.00000
   14.40010	  309.00000
   14.42053	  313.00000
   14.44096	  294.00000
   14.46139	  315.00000
   14.48182	  284.00000
   14.50225	  318.00000
   14.52269	  302.00000
   14.54312	  310.00000
   14.56355	  330.00000
   14.58398	  370.00000
   14.60441	  346.00000
   14.62484	  378.00000
   14.64527	  439.00000
   14.66570	  488.00000
   14.68613	  592.00000
   14.70656	  605.00000
   14.72699	  625.00000
   14.74742	  610.00000
   14.76785	  594.00000
   14.78828	  452.00000
   14.80871	  409.00000
   14.82914	  335.00000
   14.84957	  303.00000
   14.87000	  283.00000
   14.89043	  307.00000
   14.91086	  309.00000
   14.93129	  301.00000
   14.95172	  290.00000
   14.97215	  305.00000
   14.99258	  313.00000
   15.01301	  243.00000
   15.03344	  303.00000
   15.05387	  257.00000
   15.07430	  272.00000
   15.09473	  267.00000
   15.11516	  271.00000
   15.13559	  271.00000
   15.15602	  263.00000
   15.17645	  277.00000
   15.19688	  289.00000
   15.21731	  278.00000
   15.23775	  243.00000
   15.25818	  253.00000
   15.27861	  247.00000
   15.29904	  247.00000
   15.31947	  260.00000
   15.33990	  277.00000
   15.36033	  253.00000
   15.38076	  214.00000
   15.40119	  255.00000
   15.42162	  289.00000
   15.44205	  269.00000
   15.46248	  240.00000
   15.48291	  258.00000
   15.50334	  270.00000
   15.52377	  262.00000
   15.54420	  265.00000
   15.56463	  243.00000
   15.58506	  239.00000
   15.60549	  235.00000
   15.62592	  266.00000
   15.64635	  268.00000
   15.66678	  246.00000
   15.68721	  237.00000
   15.70764	  235.00000
   15.72807	  252.00000
   15.74850	  258.00000
   15.76893	  254.00000
   15.78936	  276.00000
   15.80979	  225.00000
   15.83022	  233.00000
   15.85065	  278.00000
   15.87108	  242.00000
   15.89151	  246.00000
   15.91194	  250.00000
   15.93238	  235.00000
   15.95281	  231.00000
   15.97324	  252.00000
   15.99367	  252.00000
   16.01410	  235.00000
   16.03453	  248.00000
   16.05496	  279.00000
   16.07539	  246.00000
   16.09582	  254.00000
   16.11625	  263.00000
   16.13668	  270.00000
   16.15711	  263.00000
   16.17754	  263.00000
   16.19797	  259.00000
   16.21840	  289.00000
   16.23883	  284.00000
   16.25926	  271.00000
   16.27969	  298.00000
   16.30012	  301.00000
   16.32055	  268.00000
   16.34098	  255.00000
   16.36141	  260.00000
   16.38184	  253.00000
   16.40227	  244.00000
   16.42270	  250.00000
   16.44313	  240.00000
   16.46356	  266.00000
   16.48399	  229.00000
   16.50442	  249.00000
   16.52485	  233.00000
   16.54528	  229.00000
   16.56571	  235.00000
   16.58614	  228.00000
   16.60657	  249.00000
   16.62701	  221.00000
   16.64744	  247.00000
   16.66787	  220.00000
   16.68830	  249.00000
   16.70873	  221.00000
   16.72916	  204.00000
   16.74959	  215.00000
   16.77002	  213.00000
   16.79045	  213.00000
   16.81088	  237.00000
   16.83131	  243.00000
   16.85174	  215.00000
   16.87217	  229.00000
   16.89260	  215.00000
   16.91303	  207.00000
   16.93346	  235.00000
   16.95389	  247.00000
   16.97432	  233.00000
   16.99475	  251.00000
   17.01518	  240.00000
   17.03561	  247.00000
   17.05604	  232.00000
   17.07647	  257.00000
   17.09690	  247.00000
   17.11733	  268.00000
   17.13776	  262.00000
   17.15819	  247.00000
   17.17862	  230.00000
   17.19905	  219.00000
   17.21948	  212.00000
   17.23991	  201.00000
   17.26034	  219.00000
   17.28077	  226.00000
   17.30120	  223.00000
   17.32164	  204.00000
   17.34207	  204.00000
   17.36250	  202.00000
   17.38293	  200.00000
   17.40336	  213.00000
   17.42379	  212.00000
   17.44422	  214.00000
   17.46465	  237.00000
   17.48508	  208.00000
   17.50551	  227.00000
   17.52594	  248.00000
   17.54637	  264.00000
   17.56680	  209.00000
   17.58723	  190.00000
   17.60766	  190.00000
   17.62809	  195.00000
   17.64852	  213.00000
   17.66895	  211.00000
   17.68938	  208.00000
   17.70981	  203.00000
   17.73024	  173.00000
   17.75067	  227.00000
   17.77110	  235.00000
   17.79153	  212.00000
   17.81196	  199.00000
   17.83239	  196.00000
   17.85282	  197.00000
   17.87325	  225.00000
   17.89368	  193.00000
   17.91411	  221.00000
   17.93454	  210.00000
   17.95497	  206.00000
   17.97540	  204.00000
   17.99583	  205.00000
   18.01627	  211.00000
   18.03670	  220.00000
   18.05713	  193.00000
   18.07756	  194.00000
   18.09799	  207.00000
   18.11842	  214.00000
   18.13885	  233.00000
   18.15928	  202.00000
   18.17971	  202.00000
   18.20014	  217.00000
   18.22057	  216.00000
   18.24100	  206.00000
   18.26143	  215.00000
   18.28186	  237.00000
   18.30229	  192.00000
   18.32272	  180.00000
   18.34315	  192.00000
   18.36358	  193.00000
   18.38401	  213.00000
   18.40444	  195.00000
   18.42487	  197.00000
   18.44530	  209.00000
   18.46573	  216.00000
   18.48616	  195.00000
   18.50659	  216.00000
   18.52702	  201.00000
   18.54745	  216.00000
   18.56788	  202.00000
   18.58831	  208.00000
   18.60874	  219.00000
   18.62917	  217.00000
   18.64960	  201.00000
   18.67003	  198.00000
   18.69046	  185.00000
   18.71090	  196.00000
   18.73133	  219.00000
   18.75176	  190.00000
   18.77219	  203.00000
   18.79262	  210.00000
   18.81305	  197.00000
   18.83348	  214.00000
   18.85391	  181.00000
   18.87434	  227.00000
   18.89477	  224.00000
   18.91520	  202.00000
   18.93563	  209.00000
   18.95606	  198.00000
   18.97649	  198.00000
   18.99692	  174.00000
   19.01735	  203.00000
   19.03778	  228.00000
   19.05821	  217.00000
   19.07864	  190.00000
   19.09907	  157.00000
   19.11950	  219.00000
   19.13993	  205.00000
   19.16036	  199.00000
   19.18079	  194.00000
   19.20122	  190.00000
   19.22165	  179.00000
   19.24208	  201.00000
   19.26251	  207.00000
   19.28294	  229.00000
   19.30337	  197.00000
   19.32380	  202.00000
   19.34423	  191.00000
   19.36466	  214.00000
   19.38509	  180.00000
   19.40552	  213.00000
   19.42596	  206.00000
   19.44639	  206.00000
   19.46682	  222.00000
   19.48725	  208.00000
   19.50768	  193.00000
   19.52811	  178.00000
   19.54854	  182.00000
   19.56897	  194.00000
   19.58940	  195.00000
   19.60983	  191.00000
   19.63026	  208.00000
   19.65069	  198.00000
   19.67112	  182.00000
   19.69155	  183.00000
   19.71198	  203.00000
   19.73241	  237.00000
   19.75284	  225.00000
   19.77327	  199.00000
   19.79370	  221.00000
   19.81413	  200.00000
   19.83456	  201.00000
   19.85499	  200.00000
   19.87542	  210.00000
   19.89585	  206.00000
   19.91628	  207.00000
   19.93671	  192.00000
   19.95714	  188.00000
   19.97757	  186.00000
   19.99800	  184.00000
   20.01843	  192.00000
   20.03886	  190.00000
   20.05929	  189.00000
   20.07972	  203.00000
   20.10015	  217.00000
   20.12059	  204.00000
   20.14102	  180.00000
   20.16145	  162.00000
   20.18188	  208.00000
   20.20231	  179.00000
   20.22274	  195.00000
   20.24317	  190.00000
   20.26360	  212.00000
   20.28403	  230.00000
   20.30446	  200.00000
   20.32489	  215.00000
   20.34532	  195.00000
   20.36575	  221.00000
   20.38618	  255.00000
   20.40661	  263.00000
   20.42704	  274.00000
   20.44747	  266.00000
   20.46790	  339.00000
   20.48833	  326.00000
   20.50876	  330.00000
   20.52919	  313.00000
   20.54962	  254.00000
   20.57005	  235.00000
   20.59048	  211.00000
   20.61091	  225.00000
   20.63134	  215.00000
   20.65177	  216.00000
   20.67220	  227.00000
   20.69263	  199.00000
   20.71306	  236.00000
   20.73349	  206.00000
   20.75392	  222.00000
   20.77435	  207.00000
   20.79478	  198.00000
   20.81522	  199.00000
   20.83565	  207.00000
   20.85608	  208.00000
   20.87651	  218.00000
   20.89694	  170.00000
   20.91737	  200.00000
   20.93780	  203.00000
   20.95823	  215.00000
   20.97866	  191.00000
   20.99909	  195.00000
   21.01952	  190.00000
   21.03995	  195.00000
   21.06038	  188.00000
   21.08081	  175.00000
   21.10124	  191.00000
   21.12167	  212.00000
   21.14210	  192.00000
   21.16253	  203.00000
   21.18296	  175.00000
   21.20339	  187.00000
   21.22382	  192.00000
   21.24425	  192.00000
   21.26468	  203.00000
   21.28511	  196.00000
   21.30554	  221.00000
   21.32597	  219.00000
   21.34640	  191.00000
   21.36683	  159.00000
   21.38726	  229.00000
   21.40769	  228.00000
   21.42812	  237.00000
   21.44855	  265.00000
   21.46898	  278.00000
   21.48941	  254.00000
   21.50985	  273.00000
   21.53028	  267.00000
   21.55071	  247.00000
   21.57114	  229.00000
   21.59157	  242.00000
   21.61200	  239.00000
   21.63243	  215.00000
   21.65286	  219.00000
   21.67329	  212.00000
   21.69372	  203.00000
   21.71415	  223.00000
   21.73458	  246.00000
   21.75501	  202.00000
   21.77544	  240.00000
   21.79587	  234.00000
   21.81630	  259.00000
   21.83673	  238.00000
   21.85716	  228.00000
   21.87759	  230.00000
   21.89802	  217.00000
   21.91845	  246.00000
   21.93888	  226.00000
   21.95931	  242.00000
   21.97974	  270.00000
   22.00017	  255.00000
   22.02060	  261.00000
   22.04103	  277.00000
   22.06146	  274.00000
   22.08189	  317.00000
   22.10232	  317.00000
   22.12275	  366.00000
   22.14318	  428.00000
   22.16361	  507.00000
   22.18404	  717.00000
   22.20448	  906.00000
   22.22491	 1340.00000
   22.24534	 1955.00000
   22.26577	 2542.00000
   22.28620	 3147.00000
   22.30663	 3106.00000
   22.32706	 2882.00000
   22.34749	 2475.00000
   22.36792	 1899.00000
   22.38835	 1416.00000
   22.40878	 1002.00000
   22.42921	  691.00000
   22.44964	  536.00000
   22.47007	  477.00000
   22.49050	  421.00000
   22.51093	  318.00000
   22.53136	  360.00000
   22.55179	  334.00000
   22.57222	  306.00000
   22.59265	  269.00000
   22.61308	  285.00000
   22.63351	  280.00000
   22.65394	  249.00000
   22.67437	  270.00000
   22.69480	  236.00000
   22.71523	  258.00000
   22.73566	  289.00000
   22.75609	  301.00000
   22.77652	  257.00000
   22.79695	  289.00000
   22.81738	  291.00000
   22.83781	  336.00000
   22.85824	  360.00000
   22.87867	  371.00000
   22.89911	  425.00000
   22.91954	  468.00000
   22.93997	  494.00000
   22.96040	  650.00000
   22.98083	  741.00000
   23.00126	  957.00000
   23.02169	 1330.00000
   23.04212	 1984.00000
   23.06255	 2814.00000
   23.08298	 3484.00000
   23.10341	 3796.00000
   23.12384	 3608.00000
   23.14427	 3158.00000
   23.16470	 2480.00000
   23.18513	 1826.00000
   23.20556	 1258.00000
   23.22599	  853.00000
   23.24642	  652.00000
   23.26685	  491.00000
   23.28728	  421.00000
   23.30771	  409.00000
   23.32814	  357.00000
   23.34857	  322.00000
   23.36900	  320.00000
   23.38943	  263.00000
   23.40986	  329.00000
   23.43029	  264.00000
   23.45072	  289.00000
   23.47115	  280.00000
   23.49158	  305.00000
   23.51201	  319.00000
   23.53244	  348.00000
   23.55287	  447.00000
   23.57330	  554.00000
   23.59373	  706.00000
   23.61417	 1076.00000
   23.63460	 1483.00000
   23.65503	 1752.00000
   23.67546	 1556.00000
   23.69589	 1457.00000
   23.71632	 1262.00000
   23.73675	  946.00000
   23.75718	  692.00000
   23.77761	  477.00000
   23.79804	  379.00000
   23.81847	  349.00000
   23.83890	  305.00000
   23.85933	  292.00000
   23.87976	  291.00000
   23.90019	  259.00000
   23.92062	  276.00000
   23.94105	  227.00000
   23.96148	  269.00000
   23.98191	  240.00000
   24.00234	  235.00000
   24.02277	  200.00000
   24.04320	  235.00000
   24.06363	  208.00000
   24.08406	  210.00000
   24.10449	  229.00000
   24.12492	  233.00000
   24.14535	  198.00000
   24.16578	  240.00000
   24.18621	  212.00000
   24.20664	  228.00000
   24.22707	  216.00000
   24.24750	  218.00000
   24.26793	  240.00000
   24.28836	  260.00000
   24.30880	  195.00000
   24.32923	  244.00000
   24.34966	  222.00000
   24.37009	  222.00000
   24.39052	  220.00000
   24.41095	  200.00000
   24.43138	  239.00000
   24.45181	  213.00000
   24.47224	  210.00000
   24.49267	  222.00000
   24.51310	  193.00000
   24.53353	  200.00000
   24.55396	  210.00000
   24.57439	  212.00000
   24.59482	  199.00000
   24.61525	  200.00000
   24.63568	  218.00000
   24.65611	  209.00000
   24.67654	  232.00000
   24.69697	  201.00000
   24.71740	  225.00000
   24.73783	  205.00000
   24.75826	  227.00000
   24.77869	  217.00000
   24.79912	  266.00000
   24.81955	  232.00000
   24.83998	  254.00000
   24.86041	  235.00000
   24.88084	  224.00000
   24.90127	  229.00000
   24.92170	  210.00000
   24.94213	  202.00000
   24.96256	  223.00000
   24.98299	  224.00000
   25.00343	  204.00000
   25.02386	  230.00000
   25.04429	  214.00000
   25.06472	  200.00000
   25.08515	  199.00000
   25.10558	  232.00000
   25.12601	  234.00000
   25.14644	  208.00000
   25.16687	  201.00000
   25.18730	  229.00000
   25.20773	  203.00000
   25.22816	  185.00000
   25.24859	  218.00000
   25.26902	  179.00000
   25.28945	  211.00000
   25.30988	  212.00000
   25.33031	  236.00000
   25.35074	  230.00000
   25.37117	  197.00000
   25.39160	  225.00000
   25.41203	  226.00000
   25.43246	  238.00000
   25.45289	  203.00000
   25.47332	  222.00000
   25.49375	  235.00000
   25.51418	  259.00000
   25.53461	  274.00000
   25.55504	  290.00000
   25.57547	  298.00000
   25.59590	  290.00000
   25.61633	  288.00000
   25.63676	  295.00000
   25.65719	  294.00000
   25.67762	  235.00000
   25.69806	  257.00000
   25.71849	  233.00000
   25.73892	  232.00000
   25.75935	  219.00000
   25.77978	  231.00000
   25.80021	  221.00000
   25.82064	  223.00000
   25.84107	  206.00000
   25.86150	  197.00000
   25.88193	  202.00000
   25.90236	  213.00000
   25.92279	  204.00000
   25.94322	  229.00000
   25.96365	  216.00000
   25.98408	  207.00000
   26.00451	  252.00000
   26.02494	  215.00000
   26.04537	  229.00000
   26.06580	  226.00000
   26.08623	  207.00000
   26.10666	  224.00000
   26.12709	  195.00000
   26.14752	  251.00000
   26.16795	  213.00000
   26.18838	  244.00000
   26.20881	  241.00000
   26.22924	  259.00000
   26.24967	  219.00000
   26.27010	  219.00000
   26.29053	  235.00000
   26.31096	  234.00000
   26.33139	  261.00000
   26.35182	  253.00000
   26.37225	  272.00000
   26.39269	  283.00000
   26.41312	  296.00000
   26.43355	  304.00000
   26.45398	  325.00000
   26.47441	  340.00000
   26.49484	  331.00000
   26.51527	  312.00000
   26.53570	  294.00000
   26.55613	  286.00000
   26.57656	  289.00000
   26.59699	  305.00000
   26.61742	  273.00000
   26.63785	  293.00000
   26.65828	  270.00000
   26.67871	  279.00000
   26.69914	  269.00000
   26.71957	  282.00000
   26.74000	  254.00000
   26.76043	  305.00000
   26.78086	  277.00000
   26.80129	  284.00000
   26.82172	  273.00000
   26.84215	  259.00000
   26.86258	  259.00000
   26.88301	  274.00000
   26.90344	  278.00000
   26.92387	  301.00000
   26.94430	  299.00000
   26.96473	  338.00000
   26.98516	  263.00000
   27.00559	  296.00000
   27.02602	  288.00000
   27.04645	  286.00000
   27.06688	  265.00000
   27.08731	  317.00000
   27.10775	  337.00000
   27.12818	  324.00000
   27.14861	  294.00000
   27.16904	  328.00000
   27.18947	  360.00000
   27.20990	  349.00000
   27.23033	  393.00000
   27.25076	  409.00000
   27.27119	  418.00000
   27.29162	  446.00000
   27.31205	  529.00000
   27.33248	  645.00000
   27.35291	  684.00000
   27.37334	  978.00000
   27.39377	 1171.00000
   27.41420	 1405.00000
   27.43463	 2052.00000
   27.45506	 2820.00000
   27.47549	 4327.00000
   27.49592	 6845.00000
   27.51635	 9253.00000
   27.53678	11288.00000
   27.55721	10952.00000
   27.57764	10328.00000
   27.59807	 9168.00000
   27.61850	 7516.00000
   27.63893	 5551.00000
   27.65936	 4096.00000
   27.67979	 2725.00000
   27.70022	 2017.00000
   27.72065	 1660.00000
   27.74108	 1531.00000
   27.76151	 1724.00000
   27.78194	 1974.00000
   27.80238	 2502.00000
   27.82281	 2814.00000
   27.84324	 2914.00000
   27.86367	 2789.00000
   27.88410	 2387.00000
   27.90453	 2098.00000
   27.92496	 1701.00000
   27.94539	 1311.00000
   27.96582	 1014.00000
   27.98625	  744.00000
   28.00668	  634.00000
   28.02711	  523.00000
   28.04754	  484.00000
   28.06797	  455.00000
   28.08840	  419.00000
   28.10883	  366.00000
   28.12926	  432.00000
   28.14969	  400.00000
   28.17012	  431.00000
   28.19055	  413.00000
   28.21098	  442.00000
   28.23141	  399.00000
   28.25184	  425.00000
   28.27227	  361.00000
   28.29270	  428.00000
   28.31313	  435.00000
   28.33356	  504.00000
   28.35399	  659.00000
   28.37442	  708.00000
   28.39485	  671.00000
   28.41528	  658.00000
   28.43571	  643.00000
   28.45614	  569.00000
   28.47657	  531.00000
   28.49701	  435.00000
   28.51744	  376.00000
   28.53787	  344.00000
   28.55830	  317.00000
   28.57873	  303.00000
   28.59916	  279.00000
   28.61959	  274.00000
   28.64002	  249.00000
   28.66045	  275.00000
   28.68088	  256.00000
   28.70131	  266.00000
   28.72174	  264.00000
   28.74217	  280.00000
   28.76260	  253.00000
   28.78303	  247.00000
   28.80346	  237.00000
   28.82389	  260.00000
   28.84432	  263.00000
   28.86475	  256.00000
   28.88518	  277.00000
   28.90561	  242.00000
   28.92604	  219.00000
   28.94647	  261.00000
   28.96690	  247.00000
   28.98733	  225.00000
   29.00776	  224.00000
   29.02819	  275.00000
   29.04862	  254.00000
   29.06905	  269.00000
   29.08948	  235.00000
   29.10991	  232.00000
   29.13034	  272.00000
   29.15077	  285.00000
   29.17120	  256.00000
   29.19164	  214.00000
   29.21207	  218.00000
   29.23250	  222.00000
   29.25293	  221.00000
   29.27336	  206.00000
   29.29379	  233.00000
   29.31422	  247.00000
   29.33465	  231.00000
   29.35508	  251.00000
   29.37551	  226.00000
   29.39594	  235.00000
   29.41637	  229.00000
   29.43680	  237.00000
   29.45723	  249.00000
   29.47766	  245.00000
   29.49809	  259.00000
   29.51852	  286.00000
   29.53895	  283.00000
   29.55938	  254.00000
   29.57981	  256.00000
   29.60024	  290.00000
   29.62067	  325.00000
   29.64110	  354.00000
   29.66153	  340.00000
   29.68196	  357.00000
   29.70239	  336.00000
   29.72282	  336.00000
   29.74325	  349.00000
   29.76368	  298.00000
   29.78411	  280.00000
   29.80454	  244.00000
   29.82497	  272.00000
   29.84540	  237.00000
   29.86583	  255.00000
   29.88627	  208.00000
   29.90670	  225.00000
   29.92713	  206.00000
   29.94756	  219.00000
   29.96799	  214.00000
   29.98842	  218.00000
   30.00885	  214.00000
   30.02928	  227.00000
   30.04971	  198.00000
   30.07014	  199.00000
   30.09057	  226.00000
   30.11100	  220.00000
   30.13143	  212.00000
   30.15186	  205.00000
   30.17229	  221.00000
   30.19272	  225.00000
   30.21315	  216.00000
   30.23358	  240.00000
   30.25401	  223.00000
   30.27444	  209.00000
   30.29487	  201.00000
   30.31530	  212.00000
   30.33573	  205.00000
   30.35616	  216.00000
   30.37659	  206.00000
   30.39702	  212.00000
   30.41745	  206.00000
   30.43788	  206.00000
   30.45831	  213.00000
   30.47874	  214.00000
   30.49917	  187.00000
   30.51960	  229.00000
   30.54003	  213.00000
   30.56046	  202.00000
   30.58090	  184.00000
   30.60133	  207.00000
   30.62176	  189.00000
   30.64219	  217.00000
   30.66262	  215.00000
   30.68305	  218.00000
   30.70348	  200.00000
   30.72391	  172.00000
   30.74434	  190.00000
   30.76477	  213.00000
   30.78520	  222.00000
   30.80563	  188.00000
   30.82606	  209.00000
   30.84649	  187.00000
   30.86692	  212.00000
   30.88735	  173.00000
   30.90778	  216.00000
   30.92821	  194.00000
   30.94864	  200.00000
   30.96907	  181.00000
   30.98950	  201.00000
   31.00993	  223.00000
   31.03036	  199.00000
   31.05079	  191.00000
   31.07122	  210.00000
   31.09165	  199.00000
   31.11208	  199.00000
   31.13251	  214.00000
   31.15294	  210.00000
   31.17337	  217.00000
   31.19380	  187.00000
   31.21423	  213.00000
   31.23466	  195.00000
   31.25509	  168.00000
   31.27552	  239.00000
   31.29596	  207.00000
   31.31639	  196.00000
   31.33682	  218.00000
   31.35725	  200.00000
   31.37768	  205.00000
   31.39811	  197.00000
   31.41854	  184.00000
   31.43897	  209.00000
   31.45940	  219.00000
   31.47983	  238.00000
   31.50026	  221.00000
   31.52069	  237.00000
   31.54112	  249.00000
   31.56155	  289.00000
   31.58198	  305.00000
   31.60241	  328.00000
   31.62284	  381.00000
   31.64327	  447.00000
   31.66370	  636.00000
   31.68413	  846.00000
   31.70456	 1123.00000
   31.72499	 1140.00000
   31.74542	 1141.00000
   31.76585	 1009.00000
   31.78628	  910.00000
   31.80671	  802.00000
   31.82714	  657.00000
   31.84757	  544.00000
   31.86800	  406.00000
   31.88843	  333.00000
   31.90886	  282.00000
   31.92929	  220.00000
   31.94972	  241.00000
   31.97015	  222.00000
   31.99059	  229.00000
   32.01102	  235.00000
   32.03145	  212.00000
   32.05188	  241.00000
   32.07231	  273.00000
   32.09274	  216.00000
   32.11317	  233.00000
   32.13360	  229.00000
   32.15403	  239.00000
   32.17446	  251.00000
   32.19489	  218.00000
   32.21532	  212.00000
   32.23575	  216.00000
   32.25618	  223.00000
   32.27661	  206.00000
   32.29704	  207.00000
   32.31747	  205.00000
   32.33790	  206.00000
   32.35833	  199.00000
   32.37876	  179.00000
   32.39919	  205.00000
   32.41962	  191.00000
   32.44005	  200.00000
   32.46048	  200.00000
   32.48091	  216.00000
   32.50134	  195.00000
   32.52177	  191.00000
   32.54220	  200.00000
   32.56263	  190.00000
   32.58306	  210.00000
   32.60349	  198.00000
   32.62392	  225.00000
   32.64435	  226.00000
   32.66478	  228.00000
   32.68522	  210.00000
   32.70565	  270.00000
   32.72608	  267.00000
   32.74651	  285.00000
   32.76694	  328.00000
   32.78737	  373.00000
   32.80780	  442.00000
   32.82823	  524.00000
   32.84866	  572.00000
   32.86909	  674.00000
   32.88952	  632.00000
   32.90995	  639.00000
   32.93038	  584.00000
   32.95081	  489.00000
   32.97124	  468.00000
   32.99167	  458.00000
   33.01210	  407.00000
   33.03253	  410.00000
   33.05296	  410.00000
   33.07339	  424.00000
   33.09382	  537.00000
   33.11425	  653.00000
   33.13468	  835.00000
   33.15511	  920.00000
   33.17554	  907.00000
   33.19597	  882.00000
   33.21640	  831.00000
   33.23683	  763.00000
   33.25726	  707.00000
   33.27769	  576.00000
   33.29812	  448.00000
   33.31855	  385.00000
   33.33898	  359.00000
   33.35941	  334.00000
   33.37985	  326.00000
   33.40028	  301.00000
   33.42071	  276.00000
   33.44114	  286.00000
   33.46157	  275.00000
   33.48200	  308.00000
   33.50243	  305.00000
   33.52286	  335.00000
   33.54329	  345.00000
   33.56372	  408.00000
   33.58415	  467.00000
   33.60458	  487.00000
   33.62501	  592.00000
   33.64544	  602.00000
   33.66587	  620.00000
   33.68630	  624.00000
   33.70673	  625.00000
   33.72716	  597.00000
   33.74759	  544.00000
   33.76802	  456.00000
   33.78845	  456.00000
   33.80888	  403.00000
   33.82931	  359.00000
   33.84974	  340.00000
   33.87017	  315.00000
   33.89060	  281.00000
   33.91103	  234.00000
   33.93146	  271.00000
   33.95189	  249.00000
   33.97232	  231.00000
   33.99275	  272.00000
   34.01318	  214.00000
   34.03361	  228.00000
   34.05404	  211.00000
   34.07448	  213.00000
   34.09491	  204.00000
   34.11534	  167.00000
   34.13577	  211.00000
   34.15620	  223.00000
   34.17663	  193.00000
   34.19706	  222.00000
   34.21749	  208.00000
   34.23792	  216.00000
   34.25835	  194.00000
   34.27878	  236.00000
   34.29921	  218.00000
   34.31964	  187.00000
   34.34007	  212.00000
   34.36050	  212.00000
   34.38093	  197.00000
   34.40136	  216.00000
   34.42179	  210.00000
   34.44222	  203.00000
   34.46265	  208.00000
   34.48308	  215.00000
   34.50351	  195.00000
   34.52394	  215.00000
   34.54437	  216.00000
   34.56480	  205.00000
   34.58523	  193.00000
   34.60566	  179.00000
   34.62609	  199.00000
   34.64652	  214.00000
   34.66695	  180.00000
   34.68738	  199.00000
   34.70781	  196.00000
   34.72824	  193.00000
   34.74867	  171.00000
   34.76911	  169.00000
   34.78954	  210.00000
   34.80997	  190.00000
   34.83040	  195.00000
   34.85083	  198.00000
   34.87126	  176.00000
   34.89169	  191.00000
   34.91212	  194.00000
   34.93255	  207.00000
   34.95298	  198.00000
   34.97341	  202.00000
   34.99384	  204.00000
   35.01427	  189.00000
   35.03470	  189.00000
   35.05513	  195.00000
   35.07556	  184.00000
   35.09599	  190.00000
   35.11642	  210.00000
   35.13685	  229.00000
   35.15728	  195.00000
   35.17771	  224.00000
   35.19814	  222.00000
   35.21857	  259.00000
   35.23900	  229.00000
   35.25943	  249.00000
   35.27986	  214.00000
   35.30029	  240.00000
   35.32072	  258.00000
   35.34115	  220.00000
   35.36158	  210.00000
   35.38201	  227.00000
   35.40244	  232.00000
   35.42287	  206.00000
   35.44330	  198.00000
   35.46373	  197.00000
   35.48417	  206.00000
   35.50460	  187.00000
   35.52503	  170.00000
   35.54546	  173.00000
   35.56589	  220.00000
   35.58632	  173.00000
   35.60675	  206.00000
   35.62718	  188.00000
   35.64761	  219.00000
   35.66804	  218.00000
   35.68847	  207.00000
   35.70890	  231.00000
   35.72933	  255.00000
   35.74976	  276.00000
   35.77019	  322.00000
   35.79062	  348.00000
   35.81105	  353.00000
   35.83148	  354.00000
   35.85191	  369.00000
   35.87234	  308.00000
   35.89277	  395.00000
   35.91320	  374.00000
   35.93363	  303.00000
   35.95406	  284.00000
   35.97449	  266.00000
   35.99492	  263.00000
   36.01535	  249.00000
   36.03578	  221.00000
   36.05621	  227.00000
   36.07664	  199.00000
   36.09707	  187.00000
   36.11750	  193.00000
   36.13793	  214.00000
   36.15836	  203.00000
   36.17880	  195.00000
   36.19923	  178.00000
   36.21966	  194.00000
   36.24009	  216.00000
   36.26052	  177.00000
   36.28095	  192.00000
   36.30138	  220.00000
   36.32181	  228.00000
   36.34224	  196.00000
   36.36267	  230.00000
   36.38310	  220.00000
   36.40353	  207.00000
   36.42396	  214.00000
   36.44439	  205.00000
   36.46482	  227.00000
   36.48525	  201.00000
   36.50568	  201.00000
   36.52611	  204.00000
   36.54654	  201.00000
   36.56697	  226.00000
   36.58740	  192.00000
   36.60783	  184.00000
   36.62826	  212.00000
   36.64869	  227.00000
   36.66912	  235.00000
   36.68955	  245.00000
   36.70998	  228.00000
   36.73041	  238.00000
   36.75084	  217.00000
   36.77127	  309.00000
   36.79170	  267.00000
   36.81213	  258.00000
   36.83256	  332.00000
   36.85299	  353.00000
   36.87343	  393.00000
   36.89386	  404.00000
   36.91429	  434.00000
   36.93472	  421.00000
   36.95515	  436.00000
   36.97558	  367.00000
   36.99601	  369.00000
   37.01644	  325.00000
   37.03687	  367.00000
   37.05730	  318.00000
   37.07773	  273.00000
   37.09816	  289.00000
   37.11859	  276.00000
   37.13902	  227.00000
   37.15945	  270.00000
   37.17988	  245.00000
   37.20031	  256.00000
   37.22074	  216.00000
   37.24117	  234.00000
   37.26160	  255.00000
   37.28203	  266.00000
   37.30246	  270.00000
   37.32289	  305.00000
   37.34332	  336.00000
   37.36375	  355.00000
   37.38418	  431.00000
   37.40461	  470.00000
   37.42504	  478.00000
   37.44547	  458.00000
   37.46590	  451.00000
   37.48633	  476.00000
   37.50676	  391.00000
   37.52719	  394.00000
   37.54762	  350.00000
   37.56806	  309.00000
   37.58849	  284.00000
   37.60892	  273.00000
   37.62935	  239.00000
   37.64978	  254.00000
   37.67021	  233.00000
   37.69064	  248.00000
   37.71107	  231.00000
   37.73150	  220.00000
   37.75193	  212.00000
   37.77236	  217.00000
   37.79279	  211.00000
   37.81322	  209.00000
   37.83365	  231.00000
   37.85408	  237.00000
   37.87451	  211.00000
   37.89494	  199.00000
   37.91537	  211.00000
   37.93580	  207.00000
   37.95623	  205.00000
   37.97666	  209.00000
   37.99709	  220.00000
   38.01752	  187.00000
   38.03795	  202.00000
   38.05838	  203.00000
   38.07881	  213.00000
   38.09924	  214.00000
   38.11967	  196.00000
   38.14010	  193.00000
   38.16053	  199.00000
   38.18096	  199.00000
   38.20139	  215.00000
   38.22182	  217.00000
   38.24225	  235.00000
   38.26269	  268.00000
   38.28312	  278.00000
   38.30355	  320.00000
   38.32398	  337.00000
   38.34441	  342.00000
   38.36484	  371.00000
   38.38527	  376.00000
   38.40570	  331.00000
   38.42613	  391.00000
   38.44656	  400.00000
   38.46699	  366.00000
   38.48742	  315.00000
   38.50785	  279.00000
   38.52828	  265.00000
   38.54871	  287.00000
   38.56914	  276.00000
   38.58957	  248.00000
   38.61000	  216.00000
   38.63043	  226.00000
   38.65086	  210.00000
   38.67129	  219.00000
   38.69172	  245.00000
   38.71215	  210.00000
   38.73258	  201.00000
   38.75301	  198.00000
   38.77344	  210.00000
   38.79387	  224.00000
   38.81430	  223.00000
   38.83473	  181.00000
   38.85516	  226.00000
   38.87559	  185.00000
   38.89602	  192.00000
   38.91645	  214.00000
   38.93688	  201.00000
   38.95731	  184.00000
   38.97775	  183.00000
   38.99818	  190.00000
   39.01861	  216.00000
   39.03904	  230.00000
   39.05947	  194.00000
   39.07990	  178.00000
   39.10033	  188.00000
   39.12076	  226.00000
   39.14119	  219.00000
   39.16162	  220.00000
   39.18205	  236.00000
   39.20248	  220.00000
   39.22291	  209.00000
   39.24334	  215.00000
   39.26377	  230.00000
   39.28420	  265.00000
   39.30463	  243.00000
   39.32506	  248.00000
   39.34549	  262.00000
   39.36592	  250.00000
   39.38635	  266.00000
   39.40678	  290.00000
   39.42721	  314.00000
   39.44764	  326.00000
   39.46807	  390.00000
   39.48850	  444.00000
   39.50893	  448.00000
   39.52936	  532.00000
   39.54979	  506.00000
   39.57022	  543.00000
   39.59065	  467.00000
   39.61108	  469.00000
   39.63151	  448.00000
   39.65194	  428.00000
   39.67238	  411.00000
   39.69281	  354.00000
   39.71324	  339.00000
   39.73367	  310.00000
   39.75410	  297.00000
   39.77453	  250.00000
   39.79496	  243.00000
   39.81539	  226.00000
   39.83582	  243.00000
   39.85625	  211.00000
   39.87668	  195.00000
   39.89711	  210.00000
   39.91754	  227.00000
   39.93797	  208.00000
   39.95840	  224.00000
   39.97883	  220.00000
   39.99926	  195.00000
   40.01969	  226.00000
   40.04012	  188.00000
   40.06055	  190.00000
   40.08098	  244.00000
   40.10141	  200.00000
   40.12184	  215.00000
   40.14227	  218.00000
   40.16270	  236.00000
   40.18313	  197.00000
   40.20356	  237.00000
   40.22399	  224.00000
   40.24442	  222.00000
   40.26485	  231.00000
   40.28528	  244.00000
   40.30571	  248.00000
   40.32614	  274.00000
   40.34657	  264.00000
   40.36701	  282.00000
   40.38744	  328.00000
   40.40787	  387.00000
   40.42830	  422.00000
   40.44873	  427.00000
   40.46916	  443.00000
   40.48959	  429.00000
   40.51002	  460.00000
   40.53045	  522.00000
   40.55088	  513.00000
   40.57131	  436.00000
   40.59174	  460.00000
   40.61217	  440.00000
   40.63260	  397.00000
   40.65303	  405.00000
   40.67346	  371.00000
   40.69389	  319.00000
   40.71432	  300.00000
   40.73475	  313.00000
   40.75518	  244.00000
   40.77561	  265.00000
   40.79604	  215.00000
   40.81647	  218.00000
   40.83690	  232.00000
   40.85733	  218.00000
   40.87776	  201.00000
   40.89819	  252.00000
   40.91862	  224.00000
   40.93905	  233.00000
   40.95948	  263.00000
   40.97991	  247.00000
   41.00034	  232.00000
   41.02077	  286.00000
   41.04120	  333.00000
   41.06164	  339.00000
   41.08207	  405.00000
   41.10250	  407.00000
   41.12293	  380.00000
   41.14336	  372.00000
   41.16379	  347.00000
   41.18422	  335.00000
   41.20465	  361.00000
   41.22508	  296.00000
   41.24551	  285.00000
   41.26594	  295.00000
   41.28637	  276.00000
   41.30680	  235.00000
   41.32723	  217.00000
   41.34766	  220.00000
   41.36809	  201.00000
   41.38852	  274.00000
   41.40895	  226.00000
   41.42938	  227.00000
   41.44981	  195.00000
   41.47024	  192.00000
   41.49067	  237.00000
   41.51110	  211.00000
   41.53153	  241.00000
   41.55196	  263.00000
   41.57239	  276.00000
   41.59282	  291.00000
   41.61325	  309.00000
   41.63368	  319.00000
   41.65411	  302.00000
   41.67454	  340.00000
   41.69497	  303.00000
   41.71540	  316.00000
   41.73583	  283.00000
   41.75627	  303.00000
   41.77670	  249.00000
   41.79713	  290.00000
   41.81756	  252.00000
   41.83799	  229.00000
   41.85842	  226.00000
   41.87885	  250.00000
   41.89928	  221.00000
   41.91971	  210.00000
   41.94014	  217.00000
   41.96057	  219.00000
   41.98100	  199.00000
   42.00143	  188.00000
   42.02186	  196.00000
   42.04229	  201.00000
   42.06272	  189.00000
   42.08315	  208.00000
   42.10358	  181.00000
   42.12401	  201.00000
   42.14444	  202.00000
   42.16487	  215.00000
   42.18530	  199.00000
   42.20573	  196.00000
   42.22616	  209.00000
   42.24659	  214.00000
   42.26702	  221.00000
   42.28745	  177.00000
   42.30788	  174.00000
   42.32831	  201.00000
   42.34874	  180.00000
   42.36917	  196.00000
   42.38960	  192.00000
   42.41003	  195.00000
   42.43046	  230.00000
   42.45090	  189.00000
   42.47133	  204.00000
   42.49176	  225.00000
   42.51219	  233.00000
   42.53262	  189.00000
   42.55305	  207.00000
   42.57348	  211.00000
   42.59391	  193.00000
   42.61434	  172.00000
   42.63477	  188.00000
   42.65520	  201.00000
   42.67563	  216.00000
   42.69606	  222.00000
   42.71649	  199.00000
   42.73692	  204.00000
   42.75735	  202.00000
   42.77778	  203.00000
   42.79821	  199.00000
   42.81864	  221.00000
   42.83907	  198.00000
   42.85950	  208.00000
   42.87993	  228.00000
   42.90036	  243.00000
   42.92079	  220.00000
   42.94122	  229.00000
   42.96165	  223.00000
   42.98208	  278.00000
   43.00251	  228.00000
   43.02294	  257.00000
   43.04337	  271.00000
   43.06380	  259.00000
   43.08423	  266.00000
   43.10466	  258.00000
   43.12509	  268.00000
   43.14552	  258.00000
   43.16596	  242.00000
   43.18639	  247.00000
   43.20682	  250.00000
   43.22725	  243.00000
   43.24768	  195.00000
   43.26811	  213.00000
   43.28854	  215.00000
   43.30897	  214.00000
   43.32940	  191.00000
   43.34983	  232.00000
   43.37026	  238.00000
   43.39069	  206.00000
   43.41112	  220.00000
   43.43155	  186.00000
   43.45198	  210.00000
   43.47241	  188.00000
   43.49284	  189.00000
   43.51327	  190.00000
   43.53370	  230.00000
   43.55413	  181.00000
   43.57456	  205.00000
   43.59499	  225.00000
   43.61542	  186.00000
   43.63585	  189.00000
   43.65628	  197.00000
   43.67671	  210.00000
   43.69714	  197.00000
   43.71757	  218.00000
   43.73800	  188.00000
   43.75843	  230.00000
   43.77886	  201.00000
   43.79929	  184.00000
   43.81972	  209.00000
   43.84015	  227.00000
   43.86059	  211.00000
   43.88102	  198.00000
   43.90145	  202.00000
   43.92188	  208.00000
   43.94231	  204.00000
   43.96274	  186.00000
   43.98317	  215.00000
   44.00360	  198.00000
   44.02403	  212.00000
   44.04446	  194.00000
   44.06489	  188.00000
   44.08532	  190.00000
   44.10575	  178.00000
   44.12618	  223.00000
   44.14661	  176.00000
   44.16704	  232.00000
   44.18747	  201.00000
   44.20790	  210.00000
   44.22833	  201.00000
   44.24876	  211.00000
   44.26919	  206.00000
   44.28962	  213.00000
   44.31005	  207.00000
   44.33048	  233.00000
   44.35091	  231.00000
   44.37134	  242.00000
   44.39177	  216.00000
   44.41220	  225.00000
   44.43263	  250.00000
   44.45306	  236.00000
   44.47349	  222.00000
   44.49392	  223.00000
   44.51435	  224.00000
   44.53478	  216.00000
   44.55522	  192.00000
   44.57565	  222.00000
   44.59608	  214.00000
   44.61651	  215.00000
   44.63694	  203.00000
   44.65737	  210.00000
   44.67780	  195.00000
   44.69823	  191.00000
   44.71866	  194.00000
   44.73909	  197.00000
   44.75952	  178.00000
   44.77995	  183.00000
   44.80038	  188.00000
   44.82081	  189.00000
   44.84124	  174.00000
   44.86167	  185.00000
   44.88210	  190.00000
   44.90253	  192.00000
   44.92296	  214.00000
   44.94339	  203.00000
   44.96382	  214.00000
   44.98425	  201.00000
   45.00468	  204.00000
   45.02511	  206.00000
   45.04554	  187.00000
   45.06597	  185.00000
   45.08640	  205.00000
   45.10683	  186.00000
   45.12726	  229.00000
   45.14769	  184.00000
   45.16812	  204.00000
   45.18855	  216.00000
   45.20898	  204.00000
   45.22941	  228.00000
   45.24985	  227.00000
   45.27028	  219.00000
   45.29071	  224.00000
   45.31114	  236.00000
   45.33157	  248.00000
   45.35200	  279.00000
   45.37243	  294.00000
   45.39286	  349.00000
   45.41329	  439.00000
   45.43372	  520.00000
   45.45415	  614.00000
   45.47458	  516.00000
   45.49501	  492.00000
   45.51544	  414.00000
   45.53587	  433.00000
   45.55630	  442.00000
   45.57673	  414.00000
   45.59716	  364.00000
   45.61759	  330.00000
   45.63802	  308.00000
   45.65845	  290.00000
   45.67888	  243.00000
   45.69931	  241.00000
   45.71974	  220.00000
   45.74017	  207.00000
   45.76060	  224.00000
   45.78103	  199.00000
   45.80146	  232.00000
   45.82189	  202.00000
   45.84232	  234.00000
   45.86275	  216.00000
   45.88318	  192.00000
   45.90361	  201.00000
   45.92404	  205.00000
   45.94448	  187.00000
   45.96491	  196.00000
   45.98534	  221.00000
   46.00577	  201.00000
   46.02620	  206.00000
   46.04663	  229.00000
   46.06706	  214.00000
   46.08749	  209.00000
   46.10792	  203.00000
   46.12835	  195.00000
   46.14878	  189.00000
   46.16921	  211.00000
   46.18964	  207.00000
   46.21007	  209.00000
   46.23050	  222.00000
   46.25093	  213.00000
   46.27136	  224.00000
   46.29179	  230.00000
   46.31222	  209.00000
   46.33265	  225.00000
   46.35308	  208.00000
   46.37351	  235.00000
   46.39394	  239.00000
   46.41437	  246.00000
   46.43480	  244.00000
   46.45523	  224.00000
   46.47566	  218.00000
   46.49609	  250.00000
   46.51652	  233.00000
   46.53695	  218.00000
   46.55738	  216.00000
   46.57781	  231.00000
   46.59824	  193.00000
   46.61867	  195.00000
   46.63911	  211.00000
   46.65954	  211.00000
   46.67997	  212.00000
   46.70040	  198.00000
   46.72083	  199.00000
   46.74126	  231.00000
   46.76169	  236.00000
   46.78212	  236.00000
   46.80255	  247.00000
   46.82298	  232.00000
   46.84341	  247.00000
   46.86384	  226.00000
   46.88427	  233.00000
   46.90470	  207.00000
   46.92513	  182.00000
   46.94556	  232.00000
   46.96599	  232.00000
   46.98642	  214.00000
   47.00685	  214.00000
   47.02728	  223.00000
   47.04771	  219.00000
   47.06814	  205.00000
   47.08857	  205.00000
   47.10900	  230.00000
   47.12943	  209.00000
   47.14986	  227.00000
   47.17029	  233.00000
   47.19072	  227.00000
   47.21115	  214.00000
   47.23158	  200.00000
   47.25201	  195.00000
   47.27244	  229.00000
   47.29287	  213.00000
   47.31330	  207.00000
   47.33373	  237.00000
   47.35417	  209.00000
   47.37460	  224.00000
   47.39503	  204.00000
   47.41546	  200.00000
   47.43589	  180.00000
   47.45632	  224.00000
   47.47675	  246.00000
   47.49718	  213.00000
   47.51761	  189.00000
   47.53804	  188.00000
   47.55847	  199.00000
   47.57890	  228.00000
   47.59933	  202.00000
   47.61976	  205.00000
   47.64019	  222.00000
   47.66062	  213.00000
   47.68105	  228.00000
   47.70148	  227.00000
   47.72191	  231.00000
   47.74234	  235.00000
   47.76277	  239.00000
   47.78320	  221.00000
   47.80363	  211.00000
   47.82406	  226.00000
   47.84449	  228.00000
   47.86492	  243.00000
   47.88535	  224.00000
   47.90578	  216.00000
   47.92621	  199.00000
   47.94664	  230.00000
   47.96707	  223.00000
   47.98750	  194.00000
   48.00793	  197.00000
   48.02836	  221.00000
   48.04880	  215.00000
   48.06923	  220.00000
   48.08966	  186.00000
   48.11009	  195.00000
   48.13052	  218.00000
   48.15095	  196.00000
   48.17138	  177.00000
   48.19181	  214.00000
   48.21224	  205.00000
   48.23267	  215.00000
   48.25310	  208.00000
   48.27353	  192.00000
   48.29396	  193.00000
   48.31439	  210.00000
   48.33482	  198.00000
   48.35525	  225.00000
   48.37568	  204.00000
   48.39611	  215.00000
   48.41654	  193.00000
   48.43697	  203.00000
   48.45740	  243.00000
   48.47783	  215.00000
   48.49826	  202.00000
   48.51869	  214.00000
   48.53912	  233.00000
   48.55955	  222.00000
   48.57998	  212.00000
   48.60041	  239.00000
   48.62084	  219.00000
   48.64127	  231.00000
   48.66170	  233.00000
   48.68213	  206.00000
   48.70256	  239.00000
   48.72299	  216.00000
   48.74343	  237.00000
   48.76386	  255.00000
   48.78429	  289.00000
   48.80472	  294.00000
   48.82515	  271.00000
   48.84558	  295.00000
   48.86601	  324.00000
   48.88644	  294.00000
   48.90687	  298.00000
   48.92730	  310.00000
   48.94773	  298.00000
   48.96816	  312.00000
   48.98859	  296.00000
   49.00902	  310.00000
   49.02945	  266.00000
   49.04988	  258.00000
   49.07031	  249.00000
   49.09074	  248.00000
   49.11117	  255.00000
   49.13160	  255.00000
   49.15203	  226.00000
   49.17246	  247.00000
   49.19289	  248.00000
   49.21332	  248.00000
   49.23375	  232.00000
   49.25418	  216.00000
   49.27461	  235.00000
   49.29504	  257.00000
   49.31547	  240.00000
   49.33590	  227.00000
   49.35633	  242.00000
   49.37676	  270.00000
   49.39719	  218.00000
   49.41762	  238.00000
   49.43806	  229.00000
   49.45849	  202.00000
   49.47892	  210.00000
   49.49935	  215.00000
   49.51978	  269.00000
   49.54021	  243.00000
   49.56064	  218.00000
   49.58107	  246.00000
   49.60150	  261.00000
   49.62193	  261.00000
   49.64236	  249.00000
   49.66279	  271.00000
   49.68322	  289.00000
   49.70365	  321.00000
   49.72408	  344.00000
   49.74451	  395.00000
   49.76494	  458.00000
   49.78537	  520.00000
   49.80580	  448.00000
   49.82623	  464.00000
   49.84666	  511.00000
   49.86709	  422.00000
   49.88752	  482.00000
   49.90795	  493.00000
   49.92838	  492.00000
   49.94881	  465.00000
   49.96924	  512.00000
   49.98967	  474.00000
   50.01010	  386.00000
   50.03053	  387.00000
   50.05096	  397.00000
   50.07139	  377.00000
   50.09182	  379.00000
   50.11225	  331.00000
   50.13269	  331.00000
   50.15312	  341.00000
   50.17355	  281.00000
   50.19398	  325.00000
   50.21441	  303.00000
   50.23484	  275.00000
   50.25527	  288.00000
   50.27570	  296.00000
   50.29613	  280.00000
   50.31656	  278.00000
   50.33699	  264.00000
   50.35742	  273.00000
   50.37785	  261.00000
   50.39828	  256.00000
   50.41871	  236.00000
   50.43914	  242.00000
   50.45957	  248.00000
   50.48000	  266.00000
   50.50043	  261.00000
   50.52086	  240.00000
   50.54129	  239.00000
   50.56172	  205.00000
   50.58215	  230.00000
   50.60258	  239.00000
   50.62301	  216.00000
   50.64344	  241.00000
   50.66387	  190.00000
   50.68430	  202.00000
   50.70473	  228.00000
   50.72516	  213.00000
   50.74559	  245.00000
   50.76602	  208.00000
   50.78645	  219.00000
   50.80688	  200.00000
   50.82732	  212.00000
   50.84775	  231.00000
   50.86818	  231.00000
   50.88861	  210.00000
   50.90904	  206.00000
   50.92947	  233.00000
   50.94990	  216.00000
   50.97033	  225.00000
   50.99076	  197.00000
   51.01119	  201.00000
   51.03162	  208.00000
   51.05205	  227.00000
   51.07248	  203.00000
   51.09291	  253.00000
   51.11334	  231.00000
   51.13377	  232.00000
   51.15420	  248.00000
   51.17463	  232.00000
   51.19506	  213.00000
   51.21549	  253.00000
   51.23592	  298.00000
   51.25635	  281.00000
   51.27678	  283.00000
   51.29721	  293.00000
   51.31764	  309.00000
   51.33807	  268.00000
   51.35850	  265.00000
   51.37893	  272.00000
   51.39936	  276.00000
   51.41979	  261.00000
   51.44022	  250.00000
   51.46065	  295.00000
   51.48108	  257.00000
   51.50151	  276.00000
   51.52194	  277.00000
   51.54238	  262.00000
   51.56281	  300.00000
   51.58324	  263.00000
   51.60367	  287.00000
   51.62410	  300.00000
   51.64453	  266.00000
   51.66496	  251.00000
   51.68539	  243.00000
   51.70582	  273.00000
   51.72625	  269.00000
   51.74668	  248.00000
   51.76711	  276.00000
   51.78754	  257.00000
   51.80797	  228.00000
   51.82840	  227.00000
   51.84883	  203.00000
   51.86926	  237.00000
   51.88969	  210.00000
   51.91012	  196.00000
   51.93055	  222.00000
   51.95098	  252.00000
   51.97141	  254.00000
   51.99184	  288.00000
   52.01227	  277.00000
   52.03270	  256.00000
   52.05313	  249.00000
   52.07356	  284.00000
   52.09399	  254.00000
   52.11442	  252.00000
   52.13485	  270.00000
   52.15528	  253.00000
   52.17571	  262.00000
   52.19614	  239.00000
   52.21657	  235.00000
   52.23701	  271.00000
   52.25744	  232.00000
   52.27787	  262.00000
   52.29830	  208.00000
   52.31873	  236.00000
   52.33916	  210.00000
   52.35959	  220.00000
   52.38002	  225.00000
   52.40045	  214.00000
   52.42088	  200.00000
   52.44131	  225.00000
   52.46174	  213.00000
   52.48217	  221.00000
   52.50260	  202.00000
   52.52303	  210.00000
   52.54346	  227.00000
   52.56389	  191.00000
   52.58432	  202.00000
   52.60475	  195.00000
   52.62518	  215.00000
   52.64561	  212.00000
   52.66604	  194.00000
   52.68647	  188.00000
   52.70690	  207.00000
   52.72733	  196.00000
   52.74776	  189.00000
   52.76819	  225.00000
   52.78862	  217.00000
   52.80905	  224.00000
   52.82948	  224.00000
   52.84991	  187.00000
   52.87034	  201.00000
   52.89077	  184.00000
   52.91120	  217.00000
   52.93164	  210.00000
   52.95207	  207.00000
   52.97250	  192.00000
   52.99293	  203.00000
   53.01336	  209.00000
   53.03379	  179.00000
   53.05422	  186.00000
   53.07465	  246.00000
   53.09508	  226.00000
   53.11551	  213.00000
   53.13594	  190.00000
   53.15637	  235.00000
   53.17680	  209.00000
   53.19723	  215.00000
   53.21766	  194.00000
   53.23809	  194.00000
   53.25852	  203.00000
   53.27895	  216.00000
   53.29938	  191.00000
   53.31981	  194.00000
   53.34024	  208.00000
   53.36067	  217.00000
   53.38110	  204.00000
   53.40153	  221.00000
   53.42196	  207.00000
   53.44239	  225.00000
   53.46282	  186.00000
   53.48325	  209.00000
   53.50368	  203.00000
   53.52411	  221.00000
   53.54454	  207.00000
   53.56497	  209.00000
   53.58540	  203.00000
   53.60583	  217.00000
   53.62627	  195.00000
   53.64670	  183.00000
   53.66713	  189.00000
   53.68756	  192.00000
   53.70799	  221.00000
   53.72842	  208.00000
   53.74885	  218.00000
   53.76928	  226.00000
   53.78971	  257.00000
   53.81014	  255.00000
   53.83057	  243.00000
   53.85100	  219.00000
   53.87143	  224.00000
   53.89186	  235.00000
   53.91229	  209.00000
   53.93272	  228.00000
   53.95315	  239.00000
   53.97358	  201.00000
   53.99401	  208.00000
   54.01444	  226.00000
   54.03487	  194.00000
   54.05530	  199.00000
   54.07573	  195.00000
   54.09616	  212.00000
   54.11659	  214.00000
   54.13702	  194.00000
   54.15745	  207.00000
   54.17788	  254.00000
   54.19831	  224.00000
   54.21874	  210.00000
   54.23917	  218.00000
   54.25960	  212.00000
   54.28003	  220.00000
   54.30046	  208.00000
   54.32090	  237.00000
   54.34133	  221.00000
   54.36176	  198.00000
   54.38219	  213.00000
   54.40262	  198.00000
   54.42305	  213.00000
   54.44348	  206.00000
   54.46391	  175.00000
   54.48434	  211.00000
   54.50477	  181.00000
   54.52520	  210.00000
   54.54563	  195.00000
   54.56606	  242.00000
   54.58649	  193.00000
   54.60692	  192.00000
   54.62735	  225.00000
   54.64778	  197.00000
   54.66821	  231.00000
   54.68864	  197.00000
   54.70907	  209.00000
   54.72950	  185.00000
   54.74993	  182.00000
   54.77036	  192.00000
   54.79079	  196.00000
   54.81122	  187.00000
   54.83165	  223.00000
   54.85208	  197.00000
   54.87251	  188.00000
   54.89294	  212.00000
   54.91337	  206.00000
   54.93380	  216.00000
   54.95423	  206.00000
   54.97466	  195.00000
   54.99509	  200.00000
   55.01552	  187.00000
   55.03596	  208.00000
   55.05639	  204.00000
   55.07682	  183.00000
   55.09725	  200.00000
   55.11768	  212.00000
   55.13811	  197.00000
   55.15854	  203.00000
   55.17897	  218.00000
   55.19940	  213.00000
   55.21983	  205.00000
   55.24026	  213.00000
   55.26069	  196.00000
   55.28112	  229.00000
   55.30155	  206.00000
   55.32198	  206.00000
   55.34241	  222.00000
   55.36284	  201.00000
   55.38327	  210.00000
   55.40370	  223.00000
   55.42413	  220.00000
   55.44456	  203.00000
   55.46499	  207.00000
   55.48542	  209.00000
   55.50585	  201.00000
   55.52628	  225.00000
   55.54671	  239.00000
   55.56714	  218.00000
   55.58757	  255.00000
   55.60800	  250.00000
   55.62843	  232.00000
   55.64886	  259.00000
   55.66929	  296.00000
   55.68972	  268.00000
   55.71015	  323.00000
   55.73059	  296.00000
   55.75102	  273.00000
   55.77145	  298.00000
   55.79188	  282.00000
   55.81231	  245.00000
   55.83274	  268.00000
   55.85317	  256.00000
   55.87360	  257.00000
   55.89403	  200.00000
   55.91446	  269.00000
   55.93489	  241.00000
   55.95532	  238.00000
   55.97575	  202.00000
   55.99618	  204.00000
   56.01661	  192.00000
   56.03704	  224.00000
   56.05747	  217.00000
   56.07790	  229.00000
   56.09833	  228.00000
   56.11876	  228.00000
   56.13919	  232.00000
   56.15962	  199.00000
   56.18005	  216.00000
   56.20048	  209.00000
   56.22091	  250.00000
   56.24134	  215.00000
   56.26177	  229.00000
   56.28220	  217.00000
   56.30263	  213.00000
   56.32306	  220.00000
   56.34349	  228.00000
   56.36392	  255.00000
   56.38435	  232.00000
   56.40478	  252.00000
   56.42522	  268.00000
   56.44565	  274.00000
   56.46608	  292.00000
   56.48651	  295.00000
   56.50694	  284.00000
   56.52737	  268.00000
   56.54780	  238.00000
   56.56823	  251.00000
   56.58866	  288.00000
   56.60909	  227.00000
   56.62952	  258.00000
   56.64995	  259.00000
   56.67038	  263.00000
   56.69081	  240.00000
   56.71124	  246.00000
   56.73167	  243.00000
   56.75210	  277.00000
   56.77253	  265.00000
   56.79296	  266.00000
   56.81339	  290.00000
   56.83382	  292.00000
   56.85425	  302.00000
   56.87468	  282.00000
   56.89511	  285.00000
   56.91554	  248.00000
   56.93597	  257.00000
   56.95640	  255.00000
   56.97683	  302.00000
   56.99726	  268.00000
   57.01769	  228.00000
   57.03812	  240.00000
   57.05855	  241.00000
   57.07898	  217.00000
   57.09941	  236.00000
   57.11985	  222.00000
   57.14028	  200.00000
   57.16071	  193.00000
   57.18114	  204.00000
   57.20157	  214.00000
   57.22200	  213.00000
   57.24243	  219.00000
   57.26286	  216.00000
   57.28329	  217.00000
   57.30372	  207.00000
   57.32415	  226.00000
   57.34458	  192.00000
   57.36501	  200.00000
   57.38544	  210.00000
   57.40587	  200.00000
   57.42630	  194.00000
   57.44673	  223.00000
   57.46716	  238.00000
   57.48759	  174.00000
   57.50802	  203.00000
   57.52845	  195.00000
   57.54888	  201.00000
   57.56931	  230.00000
   57.58974	  186.00000
   57.61017	  180.00000
   57.63060	  176.00000
   57.65103	  218.00000
   57.67146	  231.00000
   57.69189	  211.00000
   57.71232	  230.00000
   57.73275	  224.00000
   57.75318	  170.00000
   57.77361	  196.00000
   57.79404	  181.00000
   57.81448	  226.00000
   57.83491	  207.00000
   57.85534	  221.00000
   57.87577	  198.00000
   57.89620	  212.00000
   57.91663	  210.00000
   57.93706	  198.00000
   57.95749	  241.00000
   57.97792	  236.00000
   57.99835	  226.00000
   58.01878	  224.00000
   58.03921	  243.00000
   58.05964	  251.00000
   58.08007	  255.00000
   58.10050	  207.00000
   58.12093	  276.00000
   58.14136	  276.00000
   58.16179	  238.00000
   58.18222	  271.00000
   58.20265	  289.00000
   58.22308	  219.00000
   58.24351	  237.00000
   58.26394	  242.00000
   58.28437	  250.00000
   58.30480	  220.00000
   58.32523	  262.00000
   58.34566	  234.00000
   58.36609	  226.00000
   58.38652	  252.00000
   58.40695	  247.00000
   58.42738	  232.00000
   58.44781	  204.00000
   58.46824	  231.00000
   58.48867	  203.00000
   58.50911	  248.00000
   58.52954	  224.00000
   58.54997	  200.00000
   58.57040	  214.00000
   58.59083	  245.00000
   58.61126	  222.00000
   58.63169	  197.00000
   58.65212	  222.00000
   58.67255	  236.00000
   58.69298	  234.00000
   58.71341	  236.00000
   58.73384	  272.00000
   58.75427	  245.00000
   58.77470	  229.00000
   58.79513	  248.00000
   58.81556	  258.00000
   58.83599	  261.00000
   58.85642	  245.00000
   58.87685	  264.00000
   58.89728	  264.00000
   58.91771	  261.00000
   58.93814	  250.00000
   58.95857	  266.00000
   58.97900	  241.00000
   58.99943	  261.00000
   59.01986	  251.00000
   59.04029	  254.00000
   59.06072	  246.00000
   59.08115	  221.00000
   59.10158	  224.00000
   59.12201	  236.00000
   59.14244	  204.00000
   59.16287	  204.00000
   59.18330	  217.00000
   59.20373	  200.00000
   59.22417	  230.00000
   59.24460	  234.00000
   59.26503	  234.00000
   59.28546	  214.00000
   59.30589	  191.00000
   59.32632	  201.00000
   59.34675	  220.00000
   59.36718	  196.00000
   59.38761	  206.00000
   59.40804	  249.00000
   59.42847	  232.00000
   59.44890	  225.00000
   59.46933	  218.00000
   59.48976	  229.00000
   59.51019	  237.00000
   59.53062	  195.00000
   59.55105	  215.00000
   59.57148	  174.00000
   59.59191	  212.00000
   59.61234	  213.00000
   59.63277	  211.00000
   59.65320	  223.00000
   59.67363	  203.00000
   59.69406	  237.00000
   59.71449	  205.00000
   59.73492	  203.00000
   59.75535	  212.00000
   59.77578	  215.00000
   59.79621	  207.00000
   59.81664	  202.00000
   59.83707	  225.00000
   59.85750	  205.00000
   59.87793	  225.00000
   59.89836	  234.00000
   59.91880	  212.00000
   59.93923	  273.00000
   59.95966	  223.00000
   59.98009	  216.00000
   60.00052	  265.00000
