    3.00000	 5098.00000
    3.02043	 5129.00000
    3.04086	 5045.00000
    3.06129	 4979.00000
    3.08172	 5020.00000
    3.10215	 4788.00000
    3.12258	 4766.00000
    3.14301	 4745.00000
    3.16344	 4664.00000
    3.18387	 4592.00000
    3.20430	 4717.00000
    3.22473	 4621.00000
    3.24516	 4551.00000
    3.26559	 4602.00000
    3.28602	 4572.00000
    3.30645	 4383.00000
    3.32688	 4346.00000
    3.34731	 4406.00000
    3.36775	 4353.00000
    3.38818	 4367.00000
    3.40861	 4218.00000
    3.42904	 4202.00000
    3.44947	 4312.00000
    3.46990	 4283.00000
    3.49033	 4190.00000
    3.51076	 4102.00000
    3.53119	 4229.00000
    3.55162	 4306.00000
    3.57205	 4080.00000
    3.59248	 4050.00000
    3.61291	 4030.00000
    3.63334	 4020.00000
    3.65377	 4011.00000
    3.67420	 3974.00000
    3.69463	 4033.00000
    3.71506	 4020.00000
    3.73549	 3956.00000
    3.75592	 3968.00000
    3.77635	 3887.00000
    3.79678	 3809.00000
    3.81721	 3882.00000
    3.83764	 3804.00000
    3.85807	 3764.00000
    3.87850	 3907.00000
    3.89893	 3776.00000
    3.91936	 3792.00000
    3.93979	 3785.00000
    3.96022	 3633.00000
    3.98065	 3746.00000
    4.00108	 3677.00000
    4.02151	 3762.00000
    4.04194	 3690.00000
    4.06238	 3584.00000
    4.08281	 3540.00000
    4.10324	 3590.00000
    4.12367	 3489.00000
    4.14410	 3550.00000
    4.16453	 3551.00000
    4.18496	 3486.00000
    4.20539	 3499.00000
    4.22582	 3469.00000
    4.24625	 3446.00000
    4.26668	 3515.00000
    4.28711	 3359.00000
    4.30754	 3449.00000
    4.32797	 3412.00000
    4.34840	 3439.00000
    4.36883	 3350.00000
    4.38926	 3267.00000
    4.40969	 3279.00000
    4.43012	 3269.00000
    4.45055	 3226.00000
    4.47098	 3190.00000
    4.49141	 3255.00000
    4.51184	 3228.00000
    4.53227	 3161.00000
    4.55270	 3212.00000
    4.57313	 3155.00000
    4.59356	 2978.00000
    4.61399	 3166.00000
    4.63442	 3045.00000
    4.65485	 3005.00000
    4.67528	 3122.00000
    4.69571	 3108.00000
    4.71614	 3035.00000
    4.73657	 3043.00000
    4.75701	 2898.00000
    4.77744	 2943.00000
    4.79787	 2939.00000
    4.81830	 2899.00000
    4.83873	 2960.00000
    4.85916	 2867.00000
    4.87959	 2836.00000
    4.90002	 2762.00000
    4.92045	 2867.00000
    4.94088	 2775.00000
    4.96131	 2804.00000
    4.98174	 2786.00000
    5.00217	 2666.00000
    5.02260	 2727.00000
    5.04303	 2716.00000
    5.06346	 2764.00000
    5.08389	 2725.00000
    5.10432	 2703.00000
    5.12475	 2626.00000
    5.14518	 2598.00000
    5.16561	 2625.00000
    5.18604	 2568.00000
    5.20647	 2597.00000
    5.22690	 2524.00000
    5.24733	 2558.00000
    5.26776	 2480.00000
    5.28819	 2603.00000
    5.30862	 2463.00000
    5.32905	 2431.00000
    5.34948	 2465.00000
    5.36991	 2437.00000
    5.39034	 2401.00000
    5.41077	 2362.00000
    5.43120	 2293.00000
    5.45164	 2341.00000
    5.47207	 2291.00000
    5.49250	 2464.00000
    5.51293	 2301.00000
    5.53336	 2236.00000
    5.55379	 2323.00000
    5.57422	 2273.00000
    5.59465	 2242.00000
    5.61508	 2225.00000
    5.63551	 2212.00000
    5.65594	 2157.00000
    5.67637	 2205.00000
    5.69680	 2198.00000
    5.71723	 2147.00000
    5.73766	 2207.00000
    5.75809	 2087.00000
    5.77852	 2054.00000
    5.79895	 2061.00000
    5.81938	 2079.00000
    5.83981	 2096.00000
    5.86024	 2130.00000
    5.88067	 2116.00000
    5.90110	 1970.00000
    5.92153	 2028.00000
    5.94196	 1992.00000
    5.96239	 1933.00000
    5.98282	 1909.00000
    6.00325	 1971.00000
    6.02368	 1984.00000
    6.04411	 1879.00000
    6.06454	 1917.00000
    6.08497	 1823.00000
    6.10540	 1824.00000
    6.12583	 1763.00000
    6.14627	 1749.00000
    6.16670	 1765.00000
    6.18713	 1806.00000
    6.20756	 1803.00000
    6.22799	 1842.00000
    6.24842	 1707.00000
    6.26885	 1793.00000
    6.28928	 1695.00000
    6.30971	 1761.00000
    6.33014	 1687.00000
    6.35057	 1707.00000
    6.37100	 1724.00000
    6.39143	 1631.00000
    6.41186	 1659.00000
    6.43229	 1628.00000
    6.45272	 1635.00000
    6.47315	 1573.00000
    6.49358	 1552.00000
    6.51401	 1613.00000
    6.53444	 1601.00000
    6.55487	 1552.00000
    6.57530	 1613.00000
    6.59573	 1499.00000
    6.61616	 1549.00000
    6.63659	 1547.00000
    6.65702	 1489.00000
    6.67745	 1425.00000
    6.69788	 1557.00000
    6.71831	 1594.00000
    6.73874	 1523.00000
    6.75917	 1465.00000
    6.77960	 1454.00000
    6.80003	 1423.00000
    6.82046	 1518.00000
    6.84090	 1470.00000
    6.86133	 1437.00000
    6.88176	 1465.00000
    6.90219	 1423.00000
    6.92262	 1457.00000
    6.94305	 1358.00000
    6.96348	 1331.00000
    6.98391	 1396.00000
    7.00434	 1425.00000
    7.02477	 1401.00000
    7.04520	 1332.00000
    7.06563	 1370.00000
    7.08606	 1325.00000
    7.10649	 1341.00000
    7.12692	 1405.00000
    7.14735	 1322.00000
    7.16778	 1364.00000
    7.18821	 1342.00000
    7.20864	 1413.00000
    7.22907	 1360.00000
    7.24950	 1303.00000
    7.26993	 1259.00000
    7.29036	 1290.00000
    7.31079	 1257.00000
    7.33122	 1260.00000
    7.35165	 1224.00000
    7.37208	 1347.00000
    7.39251	 1336.00000
    7.41294	 1237.00000
    7.43337	 1244.00000
    7.45380	 1304.00000
    7.47423	 1314.00000
    7.49466	 1253.00000
    7.51509	 1263.00000
    7.53552	 1259.00000
    7.55596	 1223.00000
    7.57639	 1279.00000
    7.59682	 1234.00000
    7.61725	 1196.00000
    7.63768	 1138.00000
    7.65811	 1195.00000
    7.67854	 1240.00000
    7.69897	 1219.00000
    7.71940	 1207.00000
    7.73983	 1134.00000
    7.76026	 1215.00000
    7.78069	 1168.00000
    7.80112	 1163.00000
    7.82155	 1226.00000
    7.84198	 1180.00000
    7.86241	 1264.00000
    7.88284	 1206.00000
    7.90327	 1175.00000
    7.92370	 1172.00000
    7.94413	 1194.00000
    7.96456	 1223.00000
    7.98499	 1171.00000
    8.00542	 1180.00000
    8.02585	 1182.00000
    8.04628	 1138.00000
    8.06671	 1140.00000
    8.08714	 1136.00000
    8.10757	 1133.00000
    8.12800	 1102.00000
    8.14843	 1160.00000
    8.16886	 1204.00000
    8.18929	 1167.00000
    8.20972	 1177.00000
    8.23015	 1186.00000
    8.25059	 1139.00000
    8.27102	 1176.00000
    8.29145	 1079.00000
    8.31188	 1115.00000
    8.33231	 1153.00000
    8.35274	 1101.00000
    8.37317	 1092.00000
    8.39360	 1102.00000
    8.41403	 1161.00000
    8.43446	 1167.00000
    8.45489	 1114.00000
    8.47532	 1120.00000
    8.49575	 1093.00000
    8.51618	 1128.00000
    8.53661	 1087.00000
    8.55704	 1067.00000
    8.57747	 1131.00000
    8.59790	 1136.00000
    8.61833	 1081.00000
    8.63876	 1099.00000
    8.65919	 1116.00000
    8.67962	 1126.00000
    8.70005	 1096.00000
    8.72048	 1094.00000
    8.74091	 1111.00000
    8.76134	 1120.00000
    8.78177	 1116.00000
    8.80220	 1109.00000
    8.82263	 1063.00000
    8.84306	 1083.00000
    8.86349	 1075.00000
    8.88392	 1073.00000
    8.90435	 1056.00000
    8.92478	 1165.00000
    8.94522	 1071.00000
    8.96565	 1120.00000
    8.98608	 1066.00000
    9.00651	 1104.00000
    9.02694	 1069.00000
    9.04737	 1044.00000
    9.06780	 1055.00000
    9.08823	 1037.00000
    9.10866	 1037.00000
    9.12909	 1063.00000
    9.14952	 1030.00000
    9.16995	 1066.00000
    9.19038	 1064.00000
    9.21081	 1052.00000
    9.23124	 1035.00000
    9.25167	 1040.00000
    9.27210	 1028.00000
    9.29253	 1018.00000
    9.31296	 1009.00000
    9.33339	 1064.00000
    9.35382	 1052.00000
    9.37425	 1010.00000
    9.39468	 1004.00000
    9.41511	 1117.00000
    9.43554	 1056.00000
    9.45597	 1056.00000
    9.47640	 1013.00000
    9.49683	 1044.00000
    9.51726	  963.00000
    9.53769	 1087.00000
    9.55812	 1047.00000
    9.57855	  995.00000
    9.59898	 1092.00000
    9.61941	  992.00000
    9.63985	 1108.00000
    9.66028	  993.00000
    9.68071	 1042.00000
    9.70114	 1039.00000
    9.72157	  989.00000
    9.74200	 1055.00000
    9.76243	 1046.00000
    9.78286	 1062.00000
    9.80329	 1059.00000
    9.82372	 1003.00000
    9.84415	 1029.00000
    9.86458	 1049.00000
    9.88501	 1065.00000
    9.90544	 1032.00000
    9.92587	 1024.00000
    9.94630	  956.00000
    9.96673	  989.00000
    9.98716	  950.00000
   10.00759	 1055.00000
   10.02802	 1054.00000
   10.04845	 1006.00000
   10.06888	  974.00000
   10.08931	  990.00000
   10.10974	  987.00000
   10.13017	  992.00000
   10.15060	  932.00000
   10.17103	 1013.00000
   10.19146	 1006.00000
   10.21189	 1020.00000
   10.23232	  953.00000
   10.25275	  962.00000
   10.27318	  935.00000
   10.29361	 1024.00000
   10.31404	 1029.00000
   10.33448	 1000.00000
   10.35491	 1005.00000
   10.37534	  983.00000
   10.39577	 1007.00000
   10.41620	  965.00000
   10.43663	 1000.00000
   10.45706	  985.00000
   10.47749	  986.00000
   10.49792	  988.00000
   10.51835	 1065.00000
   10.53878	  951.00000
   10.55921	  998.00000
   10.57964	 1061.00000
   10.60007	 1052.00000
   10.62050	 1094.00000
   10.64093	 1129.00000
   10.66136	 1070.00000
   10.68179	 1152.00000
   10.70222	 1160.00000
   10.72265	 1285.00000
   10.74308	 1373.00000
   10.76351	 1530.00000
   10.78394	 1671.00000
   10.80437	 2011.00000
   10.82480	 2307.00000
   10.84523	 2953.00000
   10.86566	 3667.00000
   10.88609	 4658.00000
   10.90652	 6041.00000
   10.92695	 6873.00000
   10.94738	 7176.00000
   10.96781	 5803.00000
   10.98824	 4138.00000
   11.00867	 2815.00000
   11.02910	 2020.00000
   11.04954	 1661.00000
   11.06997	 1388.00000
   11.09040	 1279.00000
   11.11083	 1234.00000
   11.13126	 1158.00000
   11.15169	 1066.00000
   11.17212	 1029.00000
   11.19255	 1067.00000
   11.21298	  953.00000
   11.23341	 1012.00000
   11.25384	 1084.00000
   11.27427	 1012.00000
   11.29470	  951.00000
   11.31513	 1013.00000
   11.33556	 1034.00000
   11.35599	  940.00000
   11.37642	  977.00000
   11.39685	  995.00000
   11.41728	 1026.00000
   11.43771	 1060.00000
   11.45814	 1030.00000
   11.47857	 1043.00000
   11.49900	  961.00000
   11.51943	 1003.00000
   11.53986	  991.00000
   11.56029	  997.00000
   11.58072	  986.00000
   11.60115	  963.00000
   11.62158	  957.00000
   11.64201	  970.00000
   11.66244	 1013.00000
   11.68287	  918.00000
   11.70330	  942.00000
   11.72373	  953.00000
   11.74417	  985.00000
   11.76460	  971.00000
   11.78503	  974.00000
   11.80546	 1013.00000
   11.82589	  943.00000
   11.84632	  940.00000
   11.86675	  984.00000
   11.88718	  973.00000
   11.90761	  996.00000
   11.92804	  973.00000
   11.94847	  986.00000
   11.96890	  910.00000
   11.98933	  962.00000
   12.00976	  992.00000
   12.03019	  962.00000
   12.05062	  950.00000
   12.07105	  959.00000
   12.09148	  943.00000
   12.11191	  964.00000
   12.13234	  955.00000
   12.15277	  962.00000
   12.17320	  958.00000
   12.19363	  957.00000
   12.21406	  951.00000
   12.23449	  915.00000
   12.25492	 1037.00000
   12.27535	  946.00000
   12.29578	 1024.00000
   12.31621	  974.00000
   12.33664	  954.00000
   12.35707	  968.00000
   12.37750	  936.00000
   12.39793	  944.00000
   12.41836	  944.00000
   12.43880	  941.00000
   12.45923	  966.00000
   12.47966	  925.00000
   12.50009	  930.00000
   12.52052	  996.00000
   12.54095	  935.00000
   12.56138	  961.00000
   12.58181	  981.00000
   12.60224	  869.00000
   12.62267	  915.00000
   12.64310	  961.00000
   12.66353	  893.00000
   12.68396	  967.00000
   12.70439	  956.00000
   12.72482	  921.00000
   12.74525	  957.00000
   12.76568	  910.00000
   12.78611	  977.00000
   12.80654	  950.00000
   12.82697	  915.00000
   12.84740	  881.00000
   12.86783	  927.00000
   12.88826	  897.00000
   12.90869	  921.00000
   12.92912	  827.00000
   12.94955	  868.00000
   12.96998	  948.00000
   12.99041	  903.00000
   13.01084	  890.00000
   13.03127	  922.00000
   13.05170	  851.00000
   13.07213	  921.00000
   13.09256	  879.00000
   13.11299	  875.00000
   13.13343	  910.00000
   13.15386	  864.00000
   13.17429	  871.00000
   13.19472	  887.00000
   13.21515	  935.00000
   13.23558	  886.00000
   13.25601	  877.00000
   13.27644	  861.00000
   13.29687	  923.00000
   13.31730	  906.00000
   13.33773	  834.00000
   13.35816	  905.00000
   13.37859	  858.00000
   13.39902	  863.00000
   13.41945	  843.00000
   13.43988	  869.00000
   13.46031	  832.00000
   13.48074	  868.00000
   13.50117	  900.00000
   13.52160	  866.00000
   13.54203	  838.00000
   13.56246	  870.00000
   13.58289	  792.00000
   13.60332	  880.00000
   13.62375	  857.00000
   13.64418	  857.00000
   13.66461	  860.00000
   13.68504	  862.00000
   13.70547	  862.00000
   13.72590	  854.00000
   13.74633	  844.00000
   13.76676	  868.00000
   13.78719	  848.00000
   13.80762	  824.00000
   13.82806	  851.00000
   13.84849	  844.00000
   13.86892	  865.00000
   13.88935	  849.00000
   13.90978	  851.00000
   13.93021	  832.00000
   13.95064	  877.00000
   13.97107	  845.00000
   13.99150	  925.00000
   14.01193	  819.00000
   14.03236	  774.00000
   14.05279	  842.00000
   14.07322	  859.00000
   14.09365	  779.00000
   14.11408	  816.00000
   14.13451	  798.00000
   14.15494	  825.00000
   14.17537	  864.00000
   14.19580	  781.00000
   14.21623	  838.00000
   14.23666	  806.00000
   14.25709	  822.00000
   14.27752	  782.00000
   14.29795	  797.00000
   14.31838	  832.00000
   14.33881	  813.00000
   14.35924	  799.00000
   14.37967	  812.00000
   14.40010	  790.00000
   14.42053	  819.00000
   14.44096	  767.00000
   14.46139	  780.00000
   14.48182	  794.00000
   14.50225	  725.00000
   14.52269	  767.00000
   14.54312	  760.00000
   14.56355	  819.00000
   14.58398	  789.00000
   14.60441	  801.00000
   14.62484	  739.00000
   14.64527	  776.00000
   14.66570	  792.00000
   14.68613	  814.00000
   14.70656	  763.00000
   14.72699	  770.00000
   14.74742	  770.00000
   14.76785	  723.00000
   14.78828	  735.00000
   14.80871	  774.00000
   14.82914	  769.00000
   14.84957	  754.00000
   14.87000	  781.00000
   14.89043	  766.00000
   14.91086	  743.00000
   14.93129	  718.00000
   14.95172	  760.00000
   14.97215	  777.00000
   14.99258	  729.00000
   15.01301	  732.00000
   15.03344	  751.00000
   15.05387	  789.00000
   15.07430	  746.00000
   15.09473	  710.00000
   15.11516	  798.00000
   15.13559	  793.00000
   15.15602	  750.00000
   15.17645	  690.00000
   15.19688	  705.00000
   15.21731	  715.00000
   15.23775	  686.00000
   15.25818	  740.00000
   15.27861	  727.00000
   15.29904	  712.00000
   15.31947	  730.00000
   15.33990	  728.00000
   15.36033	  736.00000
   15.38076	  753.00000
   15.40119	  693.00000
   15.42162	  702.00000
   15.44205	  704.00000
   15.46248	  707.00000
   15.48291	  724.00000
   15.50334	  692.00000
   15.52377	  709.00000
   15.54420	  717.00000
   15.56463	  691.00000
   15.58506	  720.00000
   15.60549	  693.00000
   15.62592	  732.00000
   15.64635	  722.00000
   15.66678	  727.00000
   15.68721	  777.00000
   15.70764	  728.00000
   15.72807	  730.00000
   15.74850	  716.00000
   15.76893	  721.00000
   15.78936	  687.00000
   15.80979	  761.00000
   15.83022	  781.00000
   15.85065	  825.00000
   15.87108	  821.00000
   15.89151	  865.00000
   15.91194	  932.00000
   15.93238	 1078.00000
   15.95281	 1231.00000
   15.97324	 1456.00000
   15.99367	 1674.00000
   16.01410	 1706.00000
   16.03453	 1758.00000
   16.05496	 1681.00000
   16.07539	 1578.00000
   16.09582	 1355.00000
   16.11625	 1168.00000
   16.13668	 1061.00000
   16.15711	  944.00000
   16.17754	  918.00000
   16.19797	  854.00000
   16.21840	  804.00000
   16.23883	  780.00000
   16.25926	  789.00000
   16.27969	  739.00000
   16.30012	  723.00000
   16.32055	  720.00000
   16.34098	  802.00000
   16.36141	  796.00000
   16.38184	  804.00000
   16.40227	  852.00000
   16.42270	  922.00000
   16.44313	  977.00000
   16.46356	  890.00000
   16.48399	  944.00000
   16.50442	  835.00000
   16.52485	  835.00000
   16.54528	  756.00000
   16.56571	  780.00000
   16.58614	  710.00000
   16.60657	  689.00000
   16.62701	  676.00000
   16.64744	  623.00000
   16.66787	  676.00000
   16.68830	  665.00000
   16.70873	  686.00000
   16.72916	  705.00000
   16.74959	  709.00000
   16.77002	  661.00000
   16.79045	  642.00000
   16.81088	  652.00000
   16.83131	  674.00000
   16.85174	  631.00000
   16.87217	  692.00000
   16.89260	  667.00000
   16.91303	  644.00000
   16.93346	  626.00000
   16.95389	  707.00000
   16.97432	  666.00000
   16.99475	  630.00000
   17.01518	  661.00000
   17.03561	  703.00000
   17.05604	  641.00000
   17.07647	  680.00000
   17.09690	  712.00000
   17.11733	  663.00000
   17.13776	  708.00000
   17.15819	  723.00000
   17.17862	  806.00000
   17.19905	  793.00000
   17.21948	  831.00000
   17.23991	  952.00000
   17.26034	 1006.00000
   17.28077	 1207.00000
   17.30120	 1488.00000
   17.32164	 1844.00000
   17.34207	 2491.00000
   17.36250	 3169.00000
   17.38293	 3891.00000
   17.40336	 4638.00000
   17.42379	 4950.00000
   17.44422	 5027.00000
   17.46465	 4370.00000
   17.48508	 3675.00000
   17.50551	 2905.00000
   17.52594	 2301.00000
   17.54637	 1732.00000
   17.56680	 1511.00000
   17.58723	 1242.00000
   17.60766	 1156.00000
   17.62809	  970.00000
   17.64852	  934.00000
   17.66895	  842.00000
   17.68938	  808.00000
   17.70981	  771.00000
   17.73024	  743.00000
   17.75067	  691.00000
   17.77110	  707.00000
   17.79153	  669.00000
   17.81196	  675.00000
   17.83239	  673.00000
   17.85282	  672.00000
   17.87325	  705.00000
   17.89368	  672.00000
   17.91411	  707.00000
   17.93454	  695.00000
   17.95497	  665.00000
   17.97540	  653.00000
   17.99583	  697.00000
   18.01627	  713.00000
   18.03670	  724.00000
   18.05713	  715.00000
   18.07756	  716.00000
   18.09799	  688.00000
   18.11842	  721.00000
   18.13885	  726.00000
   18.15928	  650.00000
   18.17971	  744.00000
   18.20014	  791.00000
   18.22057	  808.00000
   18.24100	  819.00000
   18.26143	  839.00000
   18.28186	  869.00000
   18.30229	  945.00000
   18.32272	  972.00000
   18.34315	 1118.00000
   18.36358	 1193.00000
   18.38401	 1425.00000
   18.40444	 1693.00000
   18.42487	 2096.00000
   18.44530	 2722.00000
   18.46573	 3656.00000
   18.48616	 4698.00000
   18.50659	 6267.00000
   18.52702	 8106.00000
   18.54745	10052.00000
   18.56788	11093.00000
   18.58831	11181.00000
   18.60874	10124.00000
   18.62917	 8348.00000
   18.64960	 6520.00000
   18.67003	 4918.00000
   18.69046	 3667.00000
   18.71090	 2958.00000
   18.73133	 2395.00000
   18.75176	 2007.00000
   18.77219	 1741.00000
   18.79262	 1416.00000
   18.81305	 1254.00000
   18.83348	 1159.00000
   18.85391	 1001.00000
   18.87434	  936.00000
   18.89477	  891.00000
   18.91520	  794.00000
   18.93563	  812.00000
   18.95606	  787.00000
   18.97649	  735.00000
   18.99692	  719.00000
   19.01735	  640.00000
   19.03778	  709.00000
   19.05821	  703.00000
   19.07864	  647.00000
   19.09907	  655.00000
   19.11950	  588.00000
   19.13993	  667.00000
   19.16036	  628.00000
   19.18079	  614.00000
   19.20122	  628.00000
   19.22165	  627.00000
   19.24208	  587.00000
   19.26251	  592.00000
   19.28294	  656.00000
   19.30337	  562.00000
   19.32380	  638.00000
   19.34423	  574.00000
   19.36466	  569.00000
   19.38509	  594.00000
   19.40552	  572.00000
   19.42596	  602.00000
   19.44639	  600.00000
   19.46682	  541.00000
   19.48725	  605.00000
   19.50768	  530.00000
   19.52811	  573.00000
   19.54854	  613.00000
   19.56897	  551.00000
   19.58940	  569.00000
   19.60983	  614.00000
   19.63026	  573.00000
   19.65069	  527.00000
   19.67112	  603.00000
   19.69155	  550.00000
   19.71198	  549.00000
   19.73241	  560.00000
   19.75284	  561.00000
   19.77327	  545.00000
   19.79370	  530.00000
   19.81413	  523.00000
   19.83456	  590.00000
   19.85499	  581.00000
   19.87542	  550.00000
   19.89585	  543.00000
   19.91628	  584.00000
   19.93671	  542.00000
   19.95714	  604.00000
   19.97757	  601.00000
   19.99800	  549.00000
   20.01843	  637.00000
   20.03886	  618.00000
   20.05929	  657.00000
   20.07972	  720.00000
   20.10015	  810.00000
   20.12059	  967.00000
   20.14102	 1094.00000
   20.16145	 1156.00000
   20.18188	 1107.00000
   20.20231	 1000.00000
   20.22274	  958.00000
   20.24317	  950.00000
   20.26360	  949.00000
   20.28403	  917.00000
   20.30446	  927.00000
   20.32489	  759.00000
   20.34532	  754.00000
   20.36575	  716.00000
   20.38618	  642.00000
   20.40661	  607.00000
   20.42704	  587.00000
   20.44747	  602.00000
   20.46790	  549.00000
   20.48833	  517.00000
   20.50876	  523.00000
   20.52919	  567.00000
   20.54962	  531.00000
   20.57005	  570.00000
   20.59048	  523.00000
   20.61091	  541.00000
   20.63134	  540.00000
   20.65177	  531.00000
   20.67220	  521.00000
   20.69263	  471.00000
   20.71306	  529.00000
   20.73349	  557.00000
   20.75392	  546.00000
   20.77435	  557.00000
   20.79478	  492.00000
   20.81522	  555.00000
   20.83565	  564.00000
   20.85608	  535.00000
   20.87651	  559.00000
   20.89694	  537.00000
   20.91737	  553.00000
   20.93780	  531.00000
   20.95823	  524.00000
   20.97866	  567.00000
   20.99909	  503.00000
   21.01952	  548.00000
   21.03995	  556.00000
   21.06038	  505.00000
   21.08081	  537.00000
   21.10124	  542.00000
   21.12167	  548.00000
   21.14210	  548.00000
   21.16253	  530.00000
   21.18296	  516.00000
   21.20339	  584.00000
   21.22382	  599.00000
   21.24425	  536.00000
   21.26468	  562.00000
   21.28511	  609.00000
   21.30554	  611.00000
   21.32597	  600.00000
   21.34640	  687.00000
   21.36683	  741.00000
   21.38726	  989.00000
   21.40769	 1207.00000
   21.42812	 1707.00000
   21.44855	 2321.00000
   21.46898	 2729.00000
   21.48941	 2717.00000
   21.50985	 2344.00000
   21.53028	 1914.00000
   21.55071	 1481.00000
   21.57114	 1111.00000
   21.59157	  912.00000
   21.61200	  760.00000
   21.63243	  729.00000
   21.65286	  669.00000
   21.67329	  598.00000
   21.69372	  597.00000
   21.71415	  587.00000
   21.73458	  622.00000
   21.75501	  677.00000
   21.77544	  636.00000
   21.79587	  649.00000
   21.81630	  702.00000
   21.83673	  791.00000
   21.85716	  895.00000
   21.87759	 1022.00000
   21.89802	 1093.00000
   21.91845	 1257.00000
   21.93888	 1268.00000
   21.95931	 1264.00000
   21.97974	 1188.00000
   22.00017	 1054.00000
   22.02060	  962.00000
   22.04103	  859.00000
   22.06146	  771.00000
   22.08189	  710.00000
   22.10232	  689.00000
   22.12275	  653.00000
   22.14318	  616.00000
   22.16361	  561.00000
   22.18404	  580.00000
   22.20448	  642.00000
   22.22491	  541.00000
   22.24534	  559.00000
   22.26577	  594.00000
   22.28620	  567.00000
   22.30663	  523.00000
   22.32706	  493.00000
   22.34749	  509.00000
   22.36792	  555.00000
   22.38835	  568.00000
   22.40878	  542.00000
   22.42921	  527.00000
   22.44964	  518.00000
   22.47007	  528.00000
   22.49050	  518.00000
   22.51093	  499.00000
   22.53136	  501.00000
   22.55179	  516.00000
   22.57222	  487.00000
   22.59265	  521.00000
   22.61308	  530.00000
   22.63351	  508.00000
   22.65394	  527.00000
   22.67437	  513.00000
   22.69480	  500.00000
   22.71523	  525.00000
   22.73566	  488.00000
   22.75609	  518.00000
   22.77652	  510.00000
   22.79695	  496.00000
   22.81738	  517.00000
   22.83781	  530.00000
   22.85824	  480.00000
   22.87867	  528.00000
   22.89911	  510.00000
   22.91954	  540.00000
   22.93997	  529.00000
   22.96040	  491.00000
   22.98083	  530.00000
   23.00126	  529.00000
   23.02169	  530.00000
   23.04212	  533.00000
   23.06255	  517.00000
   23.08298	  534.00000
   23.10341	  576.00000
   23.12384	  540.00000
   23.14427	  534.00000
   23.16470	  512.00000
   23.18513	  503.00000
   23.20556	  505.00000
   23.22599	  521.00000
   23.24642	  562.00000
   23.26685	  523.00000
   23.28728	  541.00000
   23.30771	  556.00000
   23.32814	  542.00000
   23.34857	  524.00000
   23.36900	  548.00000
   23.38943	  498.00000
   23.40986	  555.00000
   23.43029	  532.00000
   23.45072	  508.00000
   23.47115	  516.00000
   23.49158	  534.00000
   23.51201	  511.00000
   23.53244	  555.00000
   23.55287	  488.00000
   23.57330	  544.00000
   23.59373	  542.00000
   23.61417	  578.00000
   23.63460	  540.00000
   23.65503	  531.00000
   23.67546	  536.00000
   23.69589	  622.00000
   23.71632	  587.00000
   23.73675	  561.00000
   23.75718	  584.00000
   23.77761	  578.00000
   23.79804	  588.00000
   23.81847	  599.00000
   23.83890	  604.00000
   23.85933	  588.00000
   23.87976	  607.00000
   23.90019	  662.00000
   23.92062	  703.00000
   23.94105	  751.00000
   23.96148	  880.00000
   23.98191	  989.00000
   24.00234	 1170.00000
   24.02277	 1451.00000
   24.04320	 1905.00000
   24.06363	 2523.00000
   24.08406	 3203.00000
   24.10449	 3232.00000
   24.12492	 2945.00000
   24.14535	 2765.00000
   24.16578	 2285.00000
   24.18621	 1927.00000
   24.20664	 1521.00000
   24.22707	 1370.00000
   24.24750	 1227.00000
   24.26793	 1289.00000
   24.28836	 1370.00000
   24.30880	 1579.00000
   24.32923	 2281.00000
   24.34966	 3307.00000
   24.37009	 4303.00000
   24.39052	 5190.00000
   24.41095	 4944.00000
   24.43138	 4128.00000
   24.45181	 3463.00000
   24.47224	 2659.00000
   24.49267	 1822.00000
   24.51310	 1322.00000
   24.53353	 1031.00000
   24.55396	  911.00000
   24.57439	  831.00000
   24.59482	  756.00000
   24.61525	  739.00000
   24.63568	  753.00000
   24.65611	  684.00000
   24.67654	  725.00000
   24.69697	  709.00000
   24.71740	  647.00000
   24.73783	  620.00000
   24.75826	  725.00000
   24.77869	  699.00000
   24.79912	  696.00000
   24.81955	  753.00000
   24.83998	  774.00000
   24.86041	  782.00000
   24.88084	  807.00000
   24.90127	  906.00000
   24.92170	  898.00000
   24.94213	 1041.00000
   24.96256	 1130.00000
   24.98299	 1364.00000
   25.00343	 1470.00000
   25.02386	 1573.00000
   25.04429	 1724.00000
   25.06472	 1896.00000
   25.08515	 1817.00000
   25.10558	 1859.00000
   25.12601	 1797.00000
   25.14644	 1787.00000
   25.16687	 1724.00000
   25.18730	 1615.00000
   25.20773	 1480.00000
   25.22816	 1400.00000
   25.24859	 1256.00000
   25.26902	 1138.00000
   25.28945	 1090.00000
   25.30988	 1079.00000
   25.33031	 1063.00000
   25.35074	  972.00000
   25.37117	 1009.00000
   25.39160	 1056.00000
   25.41203	 1107.00000
   25.43246	 1117.00000
   25.45289	 1223.00000
   25.47332	 1326.00000
   25.49375	 1511.00000
   25.51418	 1686.00000
   25.53461	 1919.00000
   25.55504	 2215.00000
   25.57547	 2613.00000
   25.59590	 3294.00000
   25.61633	 3809.00000
   25.63676	 4461.00000
   25.65719	 4875.00000
   25.67762	 5085.00000
   25.69806	 5337.00000
   25.71849	 5253.00000
   25.73892	 5094.00000
   25.75935	 4775.00000
   25.77978	 4462.00000
   25.80021	 4087.00000
   25.82064	 3655.00000
   25.84107	 3262.00000
   25.86150	 2797.00000
   25.88193	 2462.00000
   25.90236	 2216.00000
   25.92279	 2051.00000
   25.94322	 1982.00000
   25.96365	 1908.00000
   25.98408	 1993.00000
   26.00451	 2181.00000
   26.02494	 2278.00000
   26.04537	 2265.00000
   26.06580	 2145.00000
   26.08623	 1973.00000
   26.10666	 1818.00000
   26.12709	 1627.00000
   26.14752	 1425.00000
   26.16795	 1144.00000
   26.18838	 1100.00000
   26.20881	  990.00000
   26.22924	  951.00000
   26.24967	  866.00000
   26.27010	  837.00000
   26.29053	  793.00000
   26.31096	  761.00000
   26.33139	  755.00000
   26.35182	  668.00000
   26.37225	  664.00000
   26.39269	  681.00000
   26.41312	  721.00000
   26.43355	  723.00000
   26.45398	  628.00000
   26.47441	  699.00000
   26.49484	  676.00000
   26.51527	  690.00000
   26.53570	  745.00000
   26.55613	  728.00000
   26.57656	  656.00000
   26.59699	  731.00000
   26.61742	  675.00000
   26.63785	  693.00000
   26.65828	  658.00000
   26.67871	  704.00000
   26.69914	  708.00000
   26.71957	  696.00000
   26.74000	  676.00000
   26.76043	  705.00000
   26.78086	  700.00000
   26.80129	  640.00000
   26.82172	  678.00000
   26.84215	  669.00000
   26.86258	  696.00000
   26.88301	  737.00000
   26.90344	  745.00000
   26.92387	  706.00000
   26.94430	  789.00000
   26.96473	  708.00000
   26.98516	  741.00000
   27.00559	  772.00000
   27.02602	  797.00000
   27.04645	  756.00000
   27.06688	  817.00000
   27.08731	  832.00000
   27.10775	  868.00000
   27.12818	  951.00000
   27.14861	 1018.00000
   27.16904	 1067.00000
   27.18947	 1234.00000
   27.20990	 1294.00000
   27.23033	 1461.00000
   27.25076	 1669.00000
   27.27119	 2052.00000
   27.29162	 2569.00000
   27.31205	 3057.00000
   27.33248	 3874.00000
   27.35291	 4609.00000
   27.37334	 5533.00000
   27.39377	 6489.00000
   27.41420	 7084.00000
   27.43463	 7231.00000
   27.45506	 7343.00000
   27.47549	 7170.00000
   27.49592	 6921.00000
   27.51635	 6366.00000
   27.53678	 5607.00000
   27.55721	 5347.00000
   27.57764	 4888.00000
   27.59807	 4195.00000
   27.61850	 3820.00000
   27.63893	 3482.00000
   27.65936	 2960.00000
   27.67979	 2445.00000
   27.70022	 2240.00000
   27.72065	 1884.00000
   27.74108	 1535.00000
   27.76151	 1371.00000
   27.78194	 1239.00000
   27.80238	 1180.00000
   27.82281	 1048.00000
   27.84324	 1019.00000
   27.86367	  964.00000
   27.88410	  887.00000
   27.90453	  862.00000
   27.92496	  780.00000
   27.94539	  800.00000
   27.96582	  747.00000
   27.98625	  739.00000
   28.00668	  746.00000
   28.02711	  703.00000
   28.04754	  773.00000
   28.06797	  718.00000
   28.08840	  708.00000
   28.10883	  724.00000
   28.12926	  684.00000
   28.14969	  722.00000
   28.17012	  737.00000
   28.19055	  700.00000
   28.21098	  712.00000
   28.23141	  726.00000
   28.25184	  620.00000
   28.27227	  673.00000
   28.29270	  716.00000
   28.31313	  725.00000
   28.33356	  713.00000
   28.35399	  797.00000
   28.37442	  743.00000
   28.39485	  876.00000
   28.41528	  936.00000
   28.43571	 1080.00000
   28.45614	 1290.00000
   28.47657	 1577.00000
   28.49701	 1857.00000
   28.51744	 2025.00000
   28.53787	 1953.00000
   28.55830	 1845.00000
   28.57873	 1676.00000
   28.59916	 1478.00000
   28.61959	 1351.00000
   28.64002	 1094.00000
   28.66045	  944.00000
   28.68088	  934.00000
   28.70131	  785.00000
   28.72174	  757.00000
   28.74217	  686.00000
   28.76260	  701.00000
   28.78303	  660.00000
   28.80346	  681.00000
   28.82389	  609.00000
   28.84432	  635.00000
   28.86475	  625.00000
   28.88518	  593.00000
   28.90561	  608.00000
   28.92604	  648.00000
   28.94647	  599.00000
   28.96690	  603.00000
   28.98733	  612.00000
   29.00776	  624.00000
   29.02819	  597.00000
   29.04862	  632.00000
   29.06905	  561.00000
   29.08948	  603.00000
   29.10991	  620.00000
   29.13034	  637.00000
   29.15077	  566.00000
   29.17120	  583.00000
   29.19164	  601.00000
   29.21207	  588.00000
   29.23250	  595.00000
   29.25293	  566.00000
   29.27336	  549.00000
   29.29379	  590.00000
   29.31422	  579.00000
   29.33465	  607.00000
   29.35508	  589.00000
   29.37551	  581.00000
   29.39594	  565.00000
   29.41637	  621.00000
   29.43680	  626.00000
   29.45723	  579.00000
   29.47766	  623.00000
   29.49809	  584.00000
   29.51852	  644.00000
   29.53895	  615.00000
   29.55938	  610.00000
   29.57981	  588.00000
   29.60024	  589.00000
   29.62067	  618.00000
   29.64110	  611.00000
   29.66153	  636.00000
   29.68196	  643.00000
   29.70239	  629.00000
   29.72282	  653.00000
   29.74325	  679.00000
   29.76368	  638.00000
   29.78411	  652.00000
   29.80454	  675.00000
   29.82497	  680.00000
   29.84540	  722.00000
   29.86583	  786.00000
   29.88627	  795.00000
   29.90670	  855.00000
   29.92713	  912.00000
   29.94756	 1034.00000
   29.96799	 1096.00000
   29.98842	 1316.00000
   30.00885	 1607.00000
   30.02928	 1961.00000
   30.04971	 2393.00000
   30.07014	 2842.00000
   30.09057	 3402.00000
   30.11100	 3650.00000
   30.13143	 3854.00000
   30.15186	 4057.00000
   30.17229	 4042.00000
   30.19272	 3855.00000
   30.21315	 3354.00000
   30.23358	 2991.00000
   30.25401	 2713.00000
   30.27444	 2313.00000
   30.29487	 1960.00000
   30.31530	 1680.00000
   30.33573	 1462.00000
   30.35616	 1303.00000
   30.37659	 1079.00000
   30.39702	 1060.00000
   30.41745	  934.00000
   30.43788	  871.00000
   30.45831	  861.00000
   30.47874	  845.00000
   30.49917	  812.00000
   30.51960	  846.00000
   30.54003	  762.00000
   30.56046	  824.00000
   30.58090	  847.00000
   30.60133	  778.00000
   30.62176	  965.00000
   30.64219	 1001.00000
   30.66262	  985.00000
   30.68305	  971.00000
   30.70348	  962.00000
   30.72391	  917.00000
   30.74434	  941.00000
   30.76477	  864.00000
   30.78520	  766.00000
   30.80563	  788.00000
   30.82606	  752.00000
   30.84649	  714.00000
   30.86692	  612.00000
   30.88735	  690.00000
   30.90778	  613.00000
   30.92821	  618.00000
   30.94864	  651.00000
   30.96907	  555.00000
   30.98950	  613.00000
   31.00993	  617.00000
   31.03036	  608.00000
   31.05079	  553.00000
   31.07122	  587.00000
   31.09165	  592.00000
   31.11208	  599.00000
   31.13251	  572.00000
   31.15294	  602.00000
   31.17337	  612.00000
   31.19380	  610.00000
   31.21423	  622.00000
   31.23466	  623.00000
   31.25509	  646.00000
   31.27552	  638.00000
   31.29596	  580.00000
   31.31639	  558.00000
   31.33682	  581.00000
   31.35725	  598.00000
   31.37768	  592.00000
   31.39811	  616.00000
   31.41854	  573.00000
   31.43897	  591.00000
   31.45940	  581.00000
   31.47983	  573.00000
   31.50026	  548.00000
   31.52069	  574.00000
   31.54112	  559.00000
   31.56155	  623.00000
   31.58198	  572.00000
   31.60241	  534.00000
   31.62284	  569.00000
   31.64327	  630.00000
   31.66370	  597.00000
   31.68413	  555.00000
   31.70456	  594.00000
   31.72499	  543.00000
   31.74542	  586.00000
   31.76585	  567.00000
   31.78628	  545.00000
   31.80671	  573.00000
   31.82714	  656.00000
   31.84757	  601.00000
   31.86800	  553.00000
   31.88843	  637.00000
   31.90886	  606.00000
   31.92929	  610.00000
   31.94972	  627.00000
   31.97015	  616.00000
   31.99059	  647.00000
   32.01102	  683.00000
   32.03145	  663.00000
   32.05188	  767.00000
   32.07231	  786.00000
   32.09274	  827.00000
   32.11317	  997.00000
   32.13360	 1161.00000
   32.15403	 1349.00000
   32.17446	 1357.00000
   32.19489	 1453.00000
   32.21532	 1401.00000
   32.23575	 1430.00000
   32.25618	 1505.00000
   32.27661	 1419.00000
   32.29704	 1430.00000
   32.31747	 1480.00000
   32.33790	 1643.00000
   32.35833	 1551.00000
   32.37876	 1546.00000
   32.39919	 1469.00000
   32.41962	 1449.00000
   32.44005	 1475.00000
   32.46048	 1349.00000
   32.48091	 1229.00000
   32.50134	 1158.00000
   32.52177	 1151.00000
   32.54220	 1085.00000
   32.56263	 1052.00000
   32.58306	 1014.00000
   32.60349	 1007.00000
   32.62392	  902.00000
   32.64435	  957.00000
   32.66478	  972.00000
   32.68522	  973.00000
   32.70565	  919.00000
   32.72608	  887.00000
   32.74651	  882.00000
   32.76694	  893.00000
   32.78737	  904.00000
   32.80780	  904.00000
   32.82823	  894.00000
   32.84866	  899.00000
   32.86909	  925.00000
   32.88952	  971.00000
   32.90995	 1084.00000
   32.93038	 1173.00000
   32.95081	 1369.00000
   32.97124	 1553.00000
   32.99167	 1493.00000
   33.01210	 1586.00000
   33.03253	 1621.00000
   33.05296	 1535.00000
   33.07339	 1545.00000
   33.09382	 1510.00000
   33.11425	 1589.00000
   33.13468	 1578.00000
   33.15511	 1565.00000
   33.17554	 1497.00000
   33.19597	 1749.00000
   33.21640	 1707.00000
   33.23683	 1676.00000
   33.25726	 1669.00000
   33.27769	 1728.00000
   33.29812	 1725.00000
   33.31855	 1654.00000
   33.33898	 1604.00000
   33.35941	 1554.00000
   33.37985	 1386.00000
   33.40028	 1414.00000
   33.42071	 1308.00000
   33.44114	 1193.00000
   33.46157	 1150.00000
   33.48200	 1116.00000
   33.50243	 1190.00000
   33.52286	 1145.00000
   33.54329	 1179.00000
   33.56372	 1239.00000
   33.58415	 1153.00000
   33.60458	 1159.00000
   33.62501	 1130.00000
   33.64544	 1110.00000
   33.66587	 1023.00000
   33.68630	  981.00000
   33.70673	  876.00000
   33.72716	  837.00000
   33.74759	  765.00000
   33.76802	  728.00000
   33.78845	  729.00000
   33.80888	  618.00000
   33.82931	  622.00000
   33.84974	  637.00000
   33.87017	  592.00000
   33.89060	  656.00000
   33.91103	  590.00000
   33.93146	  641.00000
   33.95189	  592.00000
   33.97232	  590.00000
   33.99275	  667.00000
   34.01318	  639.00000
   34.03361	  623.00000
   34.05404	  638.00000
   34.07448	  645.00000
   34.09491	  707.00000
   34.11534	  790.00000
   34.13577	  895.00000
   34.15620	  959.00000
   34.17663	 1114.00000
   34.19706	 1184.00000
   34.21749	 1299.00000
   34.23792	 1344.00000
   34.25835	 1322.00000
   34.27878	 1202.00000
   34.29921	 1143.00000
   34.31964	 1021.00000
   34.34007	 1033.00000
   34.36050	  885.00000
   34.38093	  774.00000
   34.40136	  795.00000
   34.42179	  718.00000
   34.44222	  650.00000
   34.46265	  621.00000
   34.48308	  615.00000
   34.50351	  591.00000
   34.52394	  617.00000
   34.54437	  601.00000
   34.56480	  518.00000
   34.58523	  564.00000
   34.60566	  550.00000
   34.62609	  581.00000
   34.64652	  555.00000
   34.66695	  542.00000
   34.68738	  575.00000
   34.70781	  575.00000
   34.72824	  559.00000
   34.74867	  506.00000
   34.76911	  528.00000
   34.78954	  587.00000
   34.80997	  529.00000
   34.83040	  522.00000
   34.85083	  563.00000
   34.87126	  567.00000
   34.89169	  617.00000
   34.91212	  537.00000
   34.93255	  561.00000
   34.95298	  579.00000
   34.97341	  570.00000
   34.99384	  672.00000
   35.01427	  686.00000
   35.03470	  689.00000
   35.05513	  696.00000
   35.07556	  687.00000
   35.09599	  726.00000
   35.11642	  751.00000
   35.13685	  687.00000
   35.15728	  714.00000
   35.17771	  689.00000
   35.19814	  661.00000
   35.21857	  753.00000
   35.23900	  667.00000
   35.25943	  711.00000
   35.27986	  679.00000
   35.30029	  653.00000
   35.32072	  629.00000
   35.34115	  724.00000
   35.36158	  626.00000
   35.38201	  629.00000
   35.40244	  589.00000
   35.42287	  636.00000
   35.44330	  548.00000
   35.46373	  596.00000
   35.48417	  566.00000
   35.50460	  541.00000
   35.52503	  539.00000
   35.54546	  555.00000
   35.56589	  524.00000
   35.58632	  529.00000
   35.60675	  554.00000
   35.62718	  551.00000
   35.64761	  480.00000
   35.66804	  492.00000
   35.68847	  489.00000
   35.70890	  528.00000
   35.72933	  537.00000
   35.74976	  484.00000
   35.77019	  500.00000
   35.79062	  528.00000
   35.81105	  521.00000
   35.83148	  488.00000
   35.85191	  469.00000
   35.87234	  497.00000
   35.89277	  519.00000
   35.91320	  464.00000
   35.93363	  484.00000
   35.95406	  533.00000
   35.97449	  519.00000
   35.99492	  465.00000
   36.01535	  496.00000
   36.03578	  478.00000
   36.05621	  479.00000
   36.07664	  504.00000
   36.09707	  474.00000
   36.11750	  488.00000
   36.13793	  466.00000
   36.15836	  489.00000
   36.17880	  511.00000
   36.19923	  523.00000
   36.21966	  502.00000
   36.24009	  490.00000
   36.26052	  536.00000
   36.28095	  502.00000
   36.30138	  543.00000
   36.32181	  568.00000
   36.34224	  536.00000
   36.36267	  567.00000
   36.38310	  571.00000
   36.40353	  537.00000
   36.42396	  542.00000
   36.44439	  541.00000
   36.46482	  501.00000
   36.48525	  548.00000
   36.50568	  514.00000
   36.52611	  453.00000
   36.54654	  513.00000
   36.56697	  472.00000
   36.58740	  494.00000
   36.60783	  486.00000
   36.62826	  482.00000
   36.64869	  499.00000
   36.66912	  508.00000
   36.68955	  468.00000
   36.70998	  533.00000
   36.73041	  494.00000
   36.75084	  515.00000
   36.77127	  469.00000
   36.79170	  471.00000
   36.81213	  466.00000
   36.83256	  458.00000
   36.85299	  484.00000
   36.87343	  464.00000
   36.89386	  530.00000
   36.91429	  509.00000
   36.93472	  501.00000
   36.95515	  497.00000
   36.97558	  487.00000
   36.99601	  497.00000
   37.01644	  503.00000
   37.03687	  445.00000
   37.05730	  490.00000
   37.07773	  502.00000
   37.09816	  436.00000
   37.11859	  502.00000
   37.13902	  529.00000
   37.15945	  502.00000
   37.17988	  484.00000
   37.20031	  496.00000
   37.22074	  464.00000
   37.24117	  473.00000
   37.26160	  495.00000
   37.28203	  534.00000
   37.30246	  490.00000
   37.32289	  519.00000
   37.34332	  519.00000
   37.36375	  464.00000
   37.38418	  511.00000
   37.40461	  490.00000
   37.42504	  465.00000
   37.44547	  469.00000
   37.46590	  467.00000
   37.48633	  507.00000
   37.50676	  507.00000
   37.52719	  472.00000
   37.54762	  522.00000
   37.56806	  484.00000
   37.58849	  520.00000
   37.60892	  486.00000
   37.62935	  525.00000
   37.64978	  491.00000
   37.67021	  523.00000
   37.69064	  516.00000
   37.71107	  546.00000
   37.73150	  509.00000
   37.75193	  586.00000
   37.77236	  578.00000
   37.79279	  525.00000
   37.81322	  563.00000
   37.83365	  590.00000
   37.85408	  609.00000
   37.87451	  636.00000
   37.89494	  634.00000
   37.91537	  638.00000
   37.93580	  625.00000
   37.95623	  614.00000
   37.97666	  602.00000
   37.99709	  593.00000
   38.01752	  601.00000
   38.03795	  560.00000
   38.05838	  602.00000
   38.07881	  562.00000
   38.09924	  595.00000
   38.11967	  573.00000
   38.14010	  522.00000
   38.16053	  554.00000
   38.18096	  495.00000
   38.20139	  539.00000
   38.22182	  560.00000
   38.24225	  524.00000
   38.26269	  515.00000
   38.28312	  558.00000
   38.30355	  478.00000
   38.32398	  555.00000
   38.34441	  585.00000
   38.36484	  589.00000
   38.38527	  561.00000
   38.40570	  597.00000
   38.42613	  609.00000
   38.44656	  661.00000
   38.46699	  599.00000
   38.48742	  618.00000
   38.50785	  646.00000
   38.52828	  609.00000
   38.54871	  608.00000
   38.56914	  596.00000
   38.58957	  576.00000
   38.61000	  549.00000
   38.63043	  522.00000
   38.65086	  527.00000
   38.67129	  541.00000
   38.69172	  524.00000
   38.71215	  511.00000
   38.73258	  542.00000
   38.75301	  529.00000
   38.77344	  510.00000
   38.79387	  469.00000
   38.81430	  540.00000
   38.83473	  553.00000
   38.85516	  499.00000
   38.87559	  528.00000
   38.89602	  507.00000
   38.91645	  559.00000
   38.93688	  536.00000
   38.95731	  576.00000
   38.97775	  569.00000
   38.99818	  580.00000
   39.01861	  559.00000
   39.03904	  702.00000
   39.05947	  657.00000
   39.07990	  721.00000
   39.10033	  851.00000
   39.12076	  903.00000
   39.14119	  903.00000
   39.16162	  880.00000
   39.18205	  872.00000
   39.20248	  839.00000
   39.22291	  823.00000
   39.24334	  751.00000
   39.26377	  804.00000
   39.28420	  756.00000
   39.30463	  655.00000
   39.32506	  644.00000
   39.34549	  597.00000
   39.36592	  580.00000
   39.38635	  560.00000
   39.40678	  511.00000
   39.42721	  590.00000
   39.44764	  581.00000
   39.46807	  601.00000
   39.48850	  567.00000
   39.50893	  570.00000
   39.52936	  599.00000
   39.54979	  549.00000
   39.57022	  586.00000
   39.59065	  630.00000
   39.61108	  563.00000
   39.63151	  651.00000
   39.65194	  591.00000
   39.67238	  615.00000
   39.69281	  604.00000
   39.71324	  598.00000
   39.73367	  582.00000
   39.75410	  562.00000
   39.77453	  585.00000
   39.79496	  570.00000
   39.81539	  556.00000
   39.83582	  538.00000
   39.85625	  534.00000
   39.87668	  567.00000
   39.89711	  550.00000
   39.91754	  549.00000
   39.93797	  521.00000
   39.95840	  515.00000
   39.97883	  541.00000
   39.99926	  549.00000
   40.01969	  498.00000
   40.04012	  517.00000
   40.06055	  544.00000
   40.08098	  524.00000
   40.10141	  497.00000
   40.12184	  524.00000
   40.14227	  502.00000
   40.16270	  505.00000
   40.18313	  550.00000
   40.20356	  528.00000
   40.22399	  527.00000
   40.24442	  513.00000
   40.26485	  490.00000
   40.28528	  510.00000
   40.30571	  522.00000
   40.32614	  503.00000
   40.34657	  530.00000
   40.36701	  534.00000
   40.38744	  531.00000
   40.40787	  499.00000
   40.42830	  536.00000
   40.44873	  513.00000
   40.46916	  493.00000
   40.48959	  534.00000
   40.51002	  550.00000
   40.53045	  486.00000
   40.55088	  520.00000
   40.57131	  454.00000
   40.59174	  574.00000
   40.61217	  481.00000
   40.63260	  529.00000
   40.65303	  525.00000
   40.67346	  531.00000
   40.69389	  605.00000
   40.71432	  612.00000
   40.73475	  622.00000
   40.75518	  699.00000
   40.77561	  719.00000
   40.79604	  723.00000
   40.81647	  771.00000
   40.83690	  734.00000
   40.85733	  679.00000
   40.87776	  660.00000
   40.89819	  714.00000
   40.91862	  740.00000
   40.93905	  657.00000
   40.95948	  640.00000
   40.97991	  621.00000
   41.00034	  644.00000
   41.02077	  576.00000
   41.04120	  524.00000
   41.06164	  554.00000
   41.08207	  585.00000
   41.10250	  549.00000
   41.12293	  530.00000
   41.14336	  586.00000
   41.16379	  548.00000
   41.18422	  537.00000
   41.20465	  515.00000
   41.22508	  548.00000
   41.24551	  525.00000
   41.26594	  567.00000
   41.28637	  565.00000
   41.30680	  551.00000
   41.32723	  601.00000
   41.34766	  586.00000
   41.36809	  593.00000
   41.38852	  603.00000
   41.40895	  571.00000
   41.42938	  548.00000
   41.44981	  644.00000
   41.47024	  608.00000
   41.49067	  611.00000
   41.51110	  637.00000
   41.53153	  617.00000
   41.55196	  610.00000
   41.57239	  641.00000
   41.59282	  641.00000
   41.61325	  640.00000
   41.63368	  632.00000
   41.65411	  607.00000
   41.67454	  606.00000
   41.69497	  690.00000
   41.71540	  698.00000
   41.73583	  695.00000
   41.75627	  677.00000
   41.77670	  664.00000
   41.79713	  674.00000
   41.81756	  631.00000
   41.83799	  630.00000
   41.85842	  632.00000
   41.87885	  587.00000
   41.89928	  557.00000
   41.91971	  590.00000
   41.94014	  556.00000
   41.96057	  603.00000
   41.98100	  609.00000
   42.00143	  549.00000
   42.02186	  563.00000
   42.04229	  533.00000
   42.06272	  569.00000
   42.08315	  506.00000
   42.10358	  533.00000
   42.12401	  524.00000
   42.14444	  529.00000
   42.16487	  548.00000
   42.18530	  520.00000
   42.20573	  537.00000
   42.22616	  543.00000
   42.24659	  517.00000
   42.26702	  546.00000
   42.28745	  559.00000
   42.30788	  579.00000
   42.32831	  576.00000
   42.34874	  584.00000
   42.36917	  543.00000
   42.38960	  559.00000
   42.41003	  515.00000
   42.43046	  555.00000
   42.45090	  531.00000
   42.47133	  598.00000
   42.49176	  573.00000
   42.51219	  587.00000
   42.53262	  592.00000
   42.55305	  587.00000
   42.57348	  579.00000
   42.59391	  600.00000
   42.61434	  612.00000
   42.63477	  596.00000
   42.65520	  551.00000
   42.67563	  564.00000
   42.69606	  552.00000
   42.71649	  492.00000
   42.73692	  480.00000
   42.75735	  533.00000
   42.77778	  507.00000
   42.79821	  533.00000
   42.81864	  552.00000
   42.83907	  541.00000
   42.85950	  477.00000
   42.87993	  490.00000
   42.90036	  482.00000
   42.92079	  520.00000
   42.94122	  496.00000
   42.96165	  516.00000
   42.98208	  503.00000
   43.00251	  491.00000
   43.02294	  506.00000
   43.04337	  494.00000
   43.06380	  491.00000
   43.08423	  551.00000
   43.10466	  464.00000
   43.12509	  496.00000
   43.14552	  495.00000
   43.16596	  524.00000
   43.18639	  487.00000
   43.20682	  506.00000
   43.22725	  517.00000
   43.24768	  510.00000
   43.26811	  471.00000
   43.28854	  494.00000
   43.30897	  478.00000
   43.32940	  500.00000
   43.34983	  524.00000
   43.37026	  493.00000
   43.39069	  474.00000
   43.41112	  461.00000
   43.43155	  513.00000
   43.45198	  521.00000
   43.47241	  472.00000
   43.49284	  502.00000
   43.51327	  484.00000
   43.53370	  486.00000
   43.55413	  515.00000
   43.57456	  491.00000
   43.59499	  510.00000
   43.61542	  505.00000
   43.63585	  522.00000
   43.65628	  496.00000
   43.67671	  510.00000
   43.69714	  552.00000
   43.71757	  579.00000
   43.73800	  608.00000
   43.75843	  554.00000
   43.77886	  575.00000
   43.79929	  520.00000
   43.81972	  535.00000
   43.84015	  543.00000
   43.86059	  537.00000
   43.88102	  532.00000
   43.90145	  543.00000
   43.92188	  491.00000
   43.94231	  503.00000
   43.96274	  482.00000
   43.98317	  499.00000
   44.00360	  505.00000
   44.02403	  502.00000
   44.04446	  526.00000
   44.06489	  500.00000
   44.08532	  476.00000
   44.10575	  510.00000
   44.12618	  439.00000
   44.14661	  535.00000
   44.16704	  508.00000
   44.18747	  517.00000
   44.20790	  482.00000
   44.22833	  503.00000
   44.24876	  520.00000
   44.26919	  496.00000
   44.28962	  542.00000
   44.31005	  513.00000
   44.33048	  518.00000
   44.35091	  493.00000
   44.37134	  492.00000
   44.39177	  481.00000
   44.41220	  511.00000
   44.43263	  512.00000
   44.45306	  567.00000
   44.47349	  525.00000
   44.49392	  546.00000
   44.51435	  511.00000
   44.53478	  517.00000
   44.55522	  551.00000
   44.57565	  523.00000
   44.59608	  572.00000
   44.61651	  590.00000
   44.63694	  635.00000
   44.65737	  619.00000
   44.67780	  630.00000
   44.69823	  626.00000
   44.71866	  664.00000
   44.73909	  647.00000
   44.75952	  664.00000
   44.77995	  639.00000
   44.80038	  676.00000
   44.82081	  675.00000
   44.84124	  621.00000
   44.86167	  637.00000
   44.88210	  683.00000
   44.90253	  635.00000
   44.92296	  613.00000
   44.94339	  625.00000
   44.96382	  578.00000
   44.98425	  599.00000
   45.00468	  583.00000
   45.02511	  652.00000
   45.04554	  612.00000
   45.06597	  663.00000
   45.08640	  678.00000
   45.10683	  616.00000
   45.12726	  608.00000
   45.14769	  623.00000
   45.16812	  592.00000
   45.18855	  582.00000
   45.20898	  545.00000
   45.22941	  549.00000
   45.24985	  579.00000
   45.27028	  553.00000
   45.29071	  603.00000
   45.31114	  543.00000
   45.33157	  495.00000
   45.35200	  525.00000
   45.37243	  498.00000
   45.39286	  502.00000
   45.41329	  503.00000
   45.43372	  542.00000
   45.45415	  502.00000
   45.47458	  488.00000
   45.49501	  497.00000
   45.51544	  506.00000
   45.53587	  516.00000
   45.55630	  535.00000
   45.57673	  508.00000
   45.59716	  488.00000
   45.61759	  502.00000
   45.63802	  517.00000
   45.65845	  510.00000
   45.67888	  526.00000
   45.69931	  493.00000
   45.71974	  506.00000
   45.74017	  517.00000
   45.76060	  497.00000
   45.78103	  506.00000
   45.80146	  467.00000
   45.82189	  580.00000
   45.84232	  567.00000
   45.86275	  518.00000
   45.88318	  527.00000
   45.90361	  546.00000
   45.92404	  541.00000
   45.94448	  526.00000
   45.96491	  535.00000
   45.98534	  494.00000
   46.00577	  572.00000
   46.02620	  598.00000
   46.04663	  524.00000
   46.06706	  516.00000
   46.08749	  525.00000
   46.10792	  565.00000
   46.12835	  582.00000
   46.14878	  617.00000
   46.16921	  570.00000
   46.18964	  600.00000
   46.21007	  597.00000
   46.23050	  632.00000
   46.25093	  624.00000
   46.27136	  641.00000
   46.29179	  669.00000
   46.31222	  678.00000
   46.33265	  688.00000
   46.35308	  719.00000
   46.37351	  694.00000
   46.39394	  679.00000
   46.41437	  655.00000
   46.43480	  664.00000
   46.45523	  654.00000
   46.47566	  681.00000
   46.49609	  702.00000
   46.51652	  585.00000
   46.53695	  607.00000
   46.55738	  607.00000
   46.57781	  609.00000
   46.59824	  620.00000
   46.61867	  626.00000
   46.63911	  577.00000
   46.65954	  603.00000
   46.67997	  548.00000
   46.70040	  545.00000
   46.72083	  553.00000
   46.74126	  569.00000
   46.76169	  475.00000
   46.78212	  601.00000
   46.80255	  555.00000
   46.82298	  531.00000
   46.84341	  572.00000
   46.86384	  589.00000
   46.88427	  589.00000
   46.90470	  574.00000
   46.92513	  575.00000
   46.94556	  573.00000
   46.96599	  555.00000
   46.98642	  594.00000
   47.00685	  577.00000
   47.02728	  558.00000
   47.04771	  577.00000
   47.06814	  549.00000
   47.08857	  556.00000
   47.10900	  595.00000
   47.12943	  528.00000
   47.14986	  507.00000
   47.17029	  531.00000
   47.19072	  516.00000
   47.21115	  523.00000
   47.23158	  547.00000
   47.25201	  537.00000
   47.27244	  535.00000
   47.29287	  549.00000
   47.31330	  474.00000
   47.33373	  543.00000
   47.35417	  558.00000
   47.37460	  523.00000
   47.39503	  513.00000
   47.41546	  555.00000
   47.43589	  513.00000
   47.45632	  537.00000
   47.47675	  496.00000
   47.49718	  524.00000
   47.51761	  559.00000
   47.53804	  535.00000
   47.55847	  518.00000
   47.57890	  553.00000
   47.59933	  564.00000
   47.61976	  528.00000
   47.64019	  554.00000
   47.66062	  575.00000
   47.68105	  554.00000
   47.70148	  569.00000
   47.72191	  570.00000
   47.74234	  623.00000
   47.76277	  659.00000
   47.78320	  624.00000
   47.80363	  657.00000
   47.82406	  595.00000
   47.84449	  609.00000
   47.86492	  694.00000
   47.88535	  644.00000
   47.90578	  629.00000
   47.92621	  595.00000
   47.94664	  685.00000
   47.96707	  656.00000
   47.98750	  633.00000
   48.00793	  608.00000
   48.02836	  587.00000
   48.04880	  593.00000
   48.06923	  633.00000
   48.08966	  620.00000
   48.11009	  570.00000
   48.13052	  575.00000
   48.15095	  609.00000
   48.17138	  554.00000
   48.19181	  587.00000
   48.21224	  626.00000
   48.23267	  608.00000
   48.25310	  561.00000
   48.27353	  593.00000
   48.29396	  596.00000
   48.31439	  611.00000
   48.33482	  576.00000
   48.35525	  561.00000
   48.37568	  573.00000
   48.39611	  529.00000
   48.41654	  559.00000
   48.43697	  572.00000
   48.45740	  551.00000
   48.47783	  541.00000
   48.49826	  517.00000
   48.51869	  557.00000
   48.53912	  594.00000
   48.55955	  538.00000
   48.57998	  550.00000
   48.60041	  545.00000
   48.62084	  559.00000
   48.64127	  595.00000
   48.66170	  561.00000
   48.68213	  550.00000
   48.70256	  551.00000
   48.72299	  550.00000
   48.74343	  577.00000
   48.76386	  576.00000
   48.78429	  550.00000
   48.80472	  555.00000
   48.82515	  537.00000
   48.84558	  552.00000
   48.86601	  572.00000
   48.88644	  510.00000
   48.90687	  548.00000
   48.92730	  549.00000
   48.94773	  530.00000
   48.96816	  527.00000
   48.98859	  516.00000
   49.00902	  538.00000
   49.02945	  560.00000
   49.04988	  533.00000
   49.07031	  571.00000
   49.09074	  558.00000
   49.11117	  541.00000
   49.13160	  553.00000
   49.15203	  535.00000
   49.17246	  572.00000
   49.19289	  561.00000
   49.21332	  555.00000
   49.23375	  580.00000
   49.25418	  562.00000
   49.27461	  586.00000
   49.29504	  616.00000
   49.31547	  653.00000
   49.33590	  669.00000
   49.35633	  644.00000
   49.37676	  656.00000
   49.39719	  627.00000
   49.41762	  655.00000
   49.43806	  639.00000
   49.45849	  593.00000
   49.47892	  622.00000
   49.49935	  599.00000
   49.51978	  570.00000
   49.54021	  569.00000
   49.56064	  571.00000
   49.58107	  540.00000
   49.60150	  548.00000
   49.62193	  535.00000
   49.64236	  575.00000
   49.66279	  544.00000
   49.68322	  567.00000
   49.70365	  571.00000
   49.72408	  596.00000
   49.74451	  573.00000
   49.76494	  586.00000
   49.78537	  573.00000
   49.80580	  494.00000
   49.82623	  567.00000
   49.84666	  537.00000
   49.86709	  555.00000
   49.88752	  556.00000
   49.90795	  534.00000
   49.92838	  575.00000
   49.94881	  578.00000
   49.96924	  566.00000
   49.98967	  556.00000
   50.01010	  569.00000
   50.03053	  539.00000
   50.05096	  558.00000
   50.07139	  542.00000
   50.09182	  589.00000
   50.11225	  566.00000
   50.13269	  549.00000
   50.15312	  534.00000
   50.17355	  553.00000
   50.19398	  549.00000
   50.21441	  590.00000
   50.23484	  547.00000
   50.25527	  540.00000
   50.27570	  585.00000
   50.29613	  532.00000
   50.31656	  524.00000
   50.33699	  503.00000
   50.35742	  554.00000
   50.37785	  553.00000
   50.39828	  502.00000
   50.41871	  527.00000
   50.43914	  534.00000
   50.45957	  536.00000
   50.48000	  538.00000
   50.50043	  561.00000
   50.52086	  597.00000
   50.54129	  526.00000
   50.56172	  475.00000
   50.58215	  528.00000
   50.60258	  573.00000
   50.62301	  541.00000
   50.64344	  517.00000
   50.66387	  539.00000
   50.68430	  523.00000
   50.70473	  529.00000
   50.72516	  538.00000
   50.74559	  551.00000
   50.76602	  560.00000
   50.78645	  564.00000
   50.80688	  602.00000
   50.82732	  516.00000
   50.84775	  600.00000
   50.86818	  562.00000
   50.88861	  579.00000
   50.90904	  574.00000
   50.92947	  560.00000
   50.94990	  560.00000
   50.97033	  546.00000
   50.99076	  571.00000
   51.01119	  615.00000
   51.03162	  586.00000
   51.05205	  584.00000
   51.07248	  627.00000
   51.09291	  593.00000
   51.11334	  583.00000
   51.13377	  540.00000
   51.15420	  564.00000
   51.17463	  567.00000
   51.19506	  529.00000
   51.21549	  571.00000
   51.23592	  517.00000
   51.25635	  554.00000
   51.27678	  576.00000
   51.29721	  558.00000
   51.31764	  553.00000
   51.33807	  553.00000
   51.35850	  546.00000
   51.37893	  559.00000
   51.39936	  543.00000
   51.41979	  520.00000
   51.44022	  571.00000
   51.46065	  549.00000
   51.48108	  576.00000
   51.50151	  560.00000
   51.52194	  529.00000
   51.54238	  579.00000
   51.56281	  550.00000
   51.58324	  565.00000
   51.60367	  551.00000
   51.62410	  545.00000
   51.64453	  513.00000
   51.66496	  553.00000
   51.68539	  565.00000
   51.70582	  559.00000
   51.72625	  569.00000
   51.74668	  566.00000
   51.76711	  603.00000
   51.78754	  569.00000
   51.80797	  616.00000
   51.82840	  571.00000
   51.84883	  634.00000
   51.86926	  563.00000
   51.88969	  588.00000
   51.91012	  620.00000
   51.93055	  576.00000
   51.95098	  575.00000
   51.97141	  605.00000
   51.99184	  565.00000
   52.01227	  609.00000
   52.03270	  579.00000
   52.05313	  557.00000
   52.07356	  606.00000
   52.09399	  590.00000
   52.11442	  570.00000
   52.13485	  587.00000
   52.15528	  584.00000
   52.17571	  542.00000
   52.19614	  605.00000
   52.21657	  555.00000
   52.23701	  555.00000
   52.25744	  582.00000
   52.27787	  585.00000
   52.29830	  539.00000
   52.31873	  572.00000
   52.33916	  530.00000
   52.35959	  560.00000
   52.38002	  578.00000
   52.40045	  551.00000
   52.42088	  569.00000
   52.44131	  548.00000
   52.46174	  584.00000
   52.48217	  581.00000
   52.50260	  568.00000
   52.52303	  553.00000
   52.54346	  572.00000
   52.56389	  559.00000
   52.58432	  556.00000
   52.60475	  581.00000
   52.62518	  574.00000
   52.64561	  546.00000
   52.66604	  564.00000
   52.68647	  534.00000
   52.70690	  555.00000
   52.72733	  525.00000
   52.74776	  557.00000
   52.76819	  554.00000
   52.78862	  559.00000
   52.80905	  559.00000
   52.82948	  561.00000
   52.84991	  544.00000
   52.87034	  592.00000
   52.89077	  583.00000
   52.91120	  593.00000
   52.93164	  548.00000
   52.95207	  619.00000
   52.97250	  573.00000
   52.99293	  604.00000
   53.01336	  582.00000
   53.03379	  595.00000
   53.05422	  599.00000
   53.07465	  594.00000
   53.09508	  602.00000
   53.11551	  599.00000
   53.13594	  589.00000
   53.15637	  600.00000
   53.17680	  593.00000
   53.19723	  557.00000
   53.21766	  576.00000
   53.23809	  610.00000
   53.25852	  590.00000
   53.27895	  541.00000
   53.29938	  619.00000
   53.31981	  576.00000
   53.34024	  573.00000
   53.36067	  586.00000
   53.38110	  591.00000
   53.40153	  609.00000
   53.42196	  538.00000
   53.44239	  568.00000
   53.46282	  563.00000
   53.48325	  618.00000
   53.50368	  590.00000
   53.52411	  614.00000
   53.54454	  577.00000
   53.56497	  584.00000
   53.58540	  571.00000
   53.60583	  579.00000
   53.62627	  591.00000
   53.64670	  607.00000
   53.66713	  570.00000
   53.68756	  608.00000
   53.70799	  577.00000
   53.72842	  587.00000
   53.74885	  584.00000
   53.76928	  597.00000
   53.78971	  618.00000
   53.81014	  591.00000
   53.83057	  587.00000
   53.85100	  582.00000
   53.87143	  598.00000
   53.89186	  628.00000
   53.91229	  558.00000
   53.93272	  576.00000
   53.95315	  573.00000
   53.97358	  603.00000
   53.99401	  603.00000
   54.01444	  578.00000
   54.03487	  562.00000
   54.05530	  642.00000
   54.07573	  642.00000
   54.09616	  559.00000
   54.11659	  618.00000
   54.13702	  596.00000
   54.15745	  628.00000
   54.17788	  568.00000
   54.19831	  623.00000
   54.21874	  602.00000
   54.23917	  621.00000
   54.25960	  624.00000
   54.28003	  641.00000
   54.30046	  647.00000
   54.32090	  632.00000
   54.34133	  674.00000
   54.36176	  656.00000
   54.38219	  621.00000
   54.40262	  722.00000
   54.42305	  686.00000
   54.44348	  655.00000
   54.46391	  711.00000
   54.48434	  682.00000
   54.50477	  644.00000
   54.52520	  724.00000
   54.54563	  729.00000
   54.56606	  712.00000
   54.58649	  684.00000
   54.60692	  687.00000
   54.62735	  653.00000
   54.64778	  676.00000
   54.66821	  704.00000
   54.68864	  654.00000
   54.70907	  672.00000
   54.72950	  666.00000
   54.74993	  647.00000
   54.77036	  686.00000
   54.79079	  611.00000
   54.81122	  575.00000
   54.83165	  593.00000
   54.85208	  674.00000
   54.87251	  562.00000
   54.89294	  586.00000
   54.91337	  617.00000
   54.93380	  598.00000
   54.95423	  652.00000
   54.97466	  622.00000
   54.99509	  601.00000
   55.01552	  635.00000
   55.03596	  608.00000
   55.05639	  569.00000
   55.07682	  593.00000
   55.09725	  615.00000
   55.11768	  606.00000
   55.13811	  580.00000
   55.15854	  605.00000
   55.17897	  600.00000
   55.19940	  580.00000
   55.21983	  573.00000
   55.24026	  574.00000
   55.26069	  606.00000
   55.28112	  593.00000
   55.30155	  571.00000
   55.32198	  573.00000
   55.34241	  594.00000
   55.36284	  573.00000
   55.38327	  602.00000
   55.40370	  561.00000
   55.42413	  588.00000
   55.44456	  582.00000
   55.46499	  618.00000
   55.48542	  630.00000
   55.50585	  631.00000
   55.52628	  607.00000
   55.54671	  608.00000
   55.56714	  577.00000
   55.58757	  610.00000
   55.60800	  607.00000
   55.62843	  612.00000
   55.64886	  592.00000
   55.66929	  567.00000
   55.68972	  577.00000
   55.71015	  592.00000
   55.73059	  632.00000
   55.75102	  576.00000
   55.77145	  595.00000
   55.79188	  590.00000
   55.81231	  558.00000
   55.83274	  560.00000
   55.85317	  531.00000
   55.87360	  642.00000
   55.89403	  588.00000
   55.91446	  576.00000
   55.93489	  565.00000
   55.95532	  533.00000
   55.97575	  572.00000
   55.99618	  569.00000
   56.01661	  535.00000
   56.03704	  586.00000
   56.05747	  545.00000
   56.07790	  593.00000
   56.09833	  522.00000
   56.11876	  509.00000
   56.13919	  584.00000
   56.15962	  583.00000
   56.18005	  546.00000
   56.20048	  582.00000
   56.22091	  575.00000
   56.24134	  551.00000
   56.26177	  548.00000
   56.28220	  588.00000
   56.30263	  548.00000
   56.32306	  579.00000
   56.34349	  580.00000
   56.36392	  590.00000
   56.38435	  599.00000
   56.40478	  551.00000
   56.42522	  580.00000
   56.44565	  595.00000
   56.46608	  634.00000
   56.48651	  581.00000
   56.50694	  581.00000
   56.52737	  661.00000
   56.54780	  593.00000
   56.56823	  636.00000
   56.58866	  595.00000
   56.60909	  639.00000
   56.62952	  639.00000
   56.64995	  599.00000
   56.67038	  673.00000
   56.69081	  628.00000
   56.71124	  646.00000
   56.73167	  667.00000
   56.75210	  628.00000
   56.77253	  655.00000
   56.79296	  604.00000
   56.81339	  611.00000
   56.83382	  595.00000
   56.85425	  608.00000
   56.87468	  579.00000
   56.89511	  636.00000
   56.91554	  605.00000
   56.93597	  650.00000
   56.95640	  590.00000
   56.97683	  583.00000
   56.99726	  600.00000
   57.01769	  579.00000
   57.03812	  593.00000
   57.05855	  598.00000
   57.07898	  590.00000
   57.09941	  532.00000
   57.11985	  595.00000
   57.14028	  616.00000
   57.16071	  573.00000
   57.18114	  587.00000
   57.20157	  569.00000
   57.22200	  547.00000
   57.24243	  584.00000
   57.26286	  576.00000
   57.28329	  570.00000
   57.30372	  595.00000
   57.32415	  581.00000
   57.34458	  538.00000
   57.36501	  557.00000
   57.38544	  615.00000
   57.40587	  570.00000
   57.42630	  539.00000
   57.44673	  550.00000
   57.46716	  558.00000
   57.48759	  543.00000
   57.50802	  578.00000
   57.52845	  569.00000
   57.54888	  554.00000
   57.56931	  553.00000
   57.58974	  535.00000
   57.61017	  553.00000
   57.63060	  590.00000
   57.65103	  546.00000
   57.67146	  598.00000
   57.69189	  590.00000
   57.71232	  572.00000
   57.73275	  554.00000
   57.75318	  656.00000
   57.77361	  610.00000
   57.79404	  562.00000
   57.81448	  641.00000
   57.83491	  597.00000
   57.85534	  622.00000
   57.87577	  606.00000
   57.89620	  589.00000
   57.91663	  603.00000
   57.93706	  602.00000
   57.95749	  590.00000
   57.97792	  576.00000
   57.99835	  609.00000
   58.01878	  584.00000
   58.03921	  535.00000
   58.05964	  563.00000
   58.08007	  595.00000
   58.10050	  590.00000
   58.12093	  581.00000
   58.14136	  556.00000
   58.16179	  582.00000
   58.18222	  588.00000
   58.20265	  586.00000
   58.22308	  548.00000
   58.24351	  533.00000
   58.26394	  539.00000
   58.28437	  524.00000
   58.30480	  534.00000
   58.32523	  553.00000
   58.34566	  549.00000
   58.36609	  576.00000
   58.38652	  546.00000
   58.40695	  578.00000
   58.42738	  552.00000
   58.44781	  557.00000
   58.46824	  584.00000
   58.48867	  568.00000
   58.50911	  611.00000
   58.52954	  579.00000
   58.54997	  559.00000
   58.57040	  547.00000
   58.59083	  549.00000
   58.61126	  533.00000
   58.63169	  574.00000
   58.65212	  534.00000
   58.67255	  566.00000
   58.69298	  572.00000
   58.71341	  576.00000
   58.73384	  575.00000
   58.75427	  591.00000
   58.77470	  576.00000
   58.79513	  559.00000
   58.81556	  593.00000
   58.83599	  563.00000
   58.85642	  575.00000
   58.87685	  627.00000
   58.89728	  561.00000
   58.91771	  612.00000
   58.93814	  607.00000
   58.95857	  587.00000
   58.97900	  540.00000
   58.99943	  655.00000
   59.01986	  559.00000
   59.04029	  584.00000
   59.06072	  610.00000
   59.08115	  586.00000
   59.10158	  563.00000
   59.12201	  609.00000
   59.14244	  556.00000
   59.16287	  594.00000
   59.18330	  543.00000
   59.20373	  566.00000
   59.22417	  539.00000
   59.24460	  593.00000
   59.26503	  582.00000
   59.28546	  591.00000
   59.30589	  573.00000
   59.32632	  578.00000
   59.34675	  570.00000
   59.36718	  634.00000
   59.38761	  580.00000
   59.40804	  607.00000
   59.42847	  591.00000
   59.44890	  545.00000
   59.46933	  582.00000
   59.48976	  579.00000
   59.51019	  645.00000
   59.53062	  565.00000
   59.55105	  635.00000
   59.57148	  606.00000
   59.59191	  606.00000
   59.61234	  564.00000
   59.63277	  650.00000
   59.65320	  611.00000
   59.67363	  574.00000
   59.69406	  640.00000
   59.71449	  568.00000
   59.73492	  587.00000
   59.75535	  568.00000
   59.77578	  582.00000
   59.79621	  563.00000
   59.81664	  571.00000
   59.83707	  569.00000
   59.85750	  529.00000
   59.87793	  581.00000
   59.89836	  569.00000
   59.91880	  553.00000
   59.93923	  589.00000
   59.95966	  589.00000
   59.98009	  598.00000
   60.00052	  553.00000
